49 0.05285234899328859 0.5 0.10570469798657718 1.0
52 0.15100671140939598 0.5 0.11073825503355705 1.0
42 0.25167785234899326 0.5 0.11073825503355705 1.0
58 0.3288590604026846 0.5 0.059060402684563765 1.0
59 0.3825503355704698 0.5 0.059060402684563765 1.0
59 0.436241610738255 0.5 0.059060402684563765 1.0
40 0.5134228187919463 0.5 0.11073825503355705 1.0
61 0.6040268456375839 0.5 0.08859060402684564 1.0
58 0.6711409395973154 0.5 0.059060402684563765 1.0
49 0.7483221476510067 0.5 0.11073825503355705 1.0
48 0.848993288590604 0.5 0.11073825503355705 1.0
52 0.9446308724832215 0.5 0.11073825503355705 1.0
