46 0.04801829268292683 0.5 0.09603658536585366 1.0
56 0.13719512195121952 0.5 0.10060975609756098 1.0
43 0.22865853658536583 0.5 0.10060975609756098 1.0
60 0.31097560975609756 0.5 0.08048780487804878 1.0
40 0.39329268292682923 0.5 0.10060975609756098 1.0
53 0.4847560975609756 0.5 0.10060975609756098 1.0
59 0.5548780487804879 0.5 0.05365853658536586 1.0
58 0.6036585365853658 0.5 0.05365853658536586 1.0
42 0.6737804878048781 0.5 0.10060975609756098 1.0
40 0.7652439024390244 0.5 0.10060975609756098 1.0
59 0.8353658536585366 0.5 0.05365853658536586 1.0
59 0.8841463414634146 0.5 0.05365853658536586 1.0
56 0.9496951219512195 0.5 0.10060975609756098 1.0
