40 0.04449152542372881 0.5 0.08898305084745763 1.0
53 0.1271186440677966 0.5 0.09322033898305085 1.0
61 0.20338983050847456 0.5 0.07457627118644068 1.0
49 0.2796610169491525 0.5 0.09322033898305085 1.0
64 0.38983050847457623 0.5 0.14915254237288136 1.0
40 0.5 0.5 0.09322033898305085 1.0
61 0.576271186440678 0.5 0.07457627118644068 1.0
58 0.6327683615819208 0.5 0.04971751412429379 1.0
42 0.6977401129943502 0.5 0.09322033898305085 1.0
40 0.7824858757062146 0.5 0.09322033898305085 1.0
59 0.847457627118644 0.5 0.04971751412429379 1.0
59 0.8926553672316384 0.5 0.04971751412429379 1.0
56 0.9533898305084746 0.5 0.09322033898305085 1.0
