58 0.028965517241379312 0.5 0.057931034482758624 1.0
48 0.10689655172413792 0.5 0.11379310344827587 1.0
61 0.19999999999999998 0.5 0.0910344827586207 1.0
44 0.29310344827586204 0.5 0.11379310344827587 1.0
60 0.38620689655172413 0.5 0.0910344827586207 1.0
59 0.4551724137931034 0.5 0.0606896551724138 1.0
49 0.5344827586206896 0.5 0.11379310344827587 1.0
42 0.6379310344827586 0.5 0.11379310344827587 1.0
47 0.7413793103448276 0.5 0.11379310344827587 1.0
44 0.8448275862068966 0.5 0.11379310344827587 1.0
43 0.943103448275862 0.5 0.11379310344827587 1.0
