52 0.05048076923076924 0.5 0.10096153846153848 1.0
44 0.14423076923076925 0.5 0.10576923076923078 1.0
51 0.2403846153846154 0.5 0.10576923076923078 1.0
53 0.33653846153846156 0.5 0.10576923076923078 1.0
44 0.4326923076923077 0.5 0.10576923076923078 1.0
48 0.5288461538461539 0.5 0.10576923076923078 1.0
61 0.6153846153846154 0.5 0.08461538461538462 1.0
58 0.6794871794871795 0.5 0.05641025641025641 1.0
40 0.7532051282051283 0.5 0.10576923076923078 1.0
59 0.826923076923077 0.5 0.05641025641025641 1.0
59 0.8782051282051283 0.5 0.05641025641025641 1.0
56 0.9471153846153846 0.5 0.10576923076923078 1.0
