63 0.04701492537313433 0.5 0.09402985074626866 1.0
40 0.1455223880597015 0.5 0.12313432835820896 1.0
61 0.2462686567164179 0.5 0.09850746268656717 1.0
46 0.34701492537313433 0.5 0.12313432835820896 1.0
44 0.458955223880597 0.5 0.12313432835820896 1.0
60 0.5597014925373135 0.5 0.09850746268656717 1.0
37 0.6604477611940298 0.5 0.12313432835820896 1.0
58 0.7462686567164178 0.5 0.06567164179104477 1.0
48 0.832089552238806 0.5 0.12313432835820896 1.0
37 0.9384328358208955 0.5 0.12313432835820896 1.0
