35 0.04375 0.5 0.0875 1.0
48 0.125 0.5 0.09166666666666667 1.0
43 0.20833333333333331 0.5 0.09166666666666667 1.0
44 0.2916666666666667 0.5 0.09166666666666667 1.0
50 0.375 0.5 0.09166666666666667 1.0
44 0.4583333333333333 0.5 0.09166666666666667 1.0
48 0.5416666666666666 0.5 0.09166666666666667 1.0
43 0.6249999999999999 0.5 0.09166666666666667 1.0
44 0.7083333333333333 0.5 0.09166666666666667 1.0
48 0.7916666666666666 0.5 0.09166666666666667 1.0
42 0.8749999999999999 0.5 0.09166666666666667 1.0
44 0.9541666666666666 0.5 0.09166666666666667 1.0
