23 0.07892156862745098 0.5 0.15784313725490196 1.0
47 0.19934640522875816 0.5 0.10784313725490197 1.0
53 0.2973856209150327 0.5 0.10784313725490197 1.0
64 0.42483660130718953 0.5 0.17254901960784316 1.0
41 0.5522875816993464 0.5 0.10784313725490197 1.0
53 0.6503267973856209 0.5 0.10784313725490197 1.0
59 0.7254901960784313 0.5 0.05751633986928105 1.0
40 0.8006535947712419 0.5 0.10784313725490197 1.0
2 0.8758169934640523 0.5 0.05751633986928105 1.0
52 0.946078431372549 0.5 0.10784313725490197 1.0
