52 0.05048076923076924 0.5 0.10096153846153848 1.0
58 0.1217948717948718 0.5 0.05641025641025641 1.0
45 0.1955128205128205 0.5 0.10576923076923078 1.0
48 0.2916666666666667 0.5 0.10576923076923078 1.0
58 0.3653846153846154 0.5 0.05641025641025641 1.0
63 0.4294871794871795 0.5 0.08461538461538462 1.0
58 0.4935897435897436 0.5 0.05641025641025641 1.0
42 0.5673076923076924 0.5 0.10576923076923078 1.0
40 0.6634615384615385 0.5 0.10576923076923078 1.0
48 0.7596153846153847 0.5 0.10576923076923078 1.0
42 0.8557692307692308 0.5 0.10576923076923078 1.0
44 0.9471153846153846 0.5 0.10576923076923078 1.0
