15 0.06598360655737705 0.5 0.1319672131147541 1.0
49 0.16666666666666666 0.5 0.09016393442622951 1.0
48 0.24863387978142076 0.5 0.09016393442622951 1.0
52 0.33060109289617484 0.5 0.09016393442622951 1.0
58 0.39344262295081966 0.5 0.048087431693989074 1.0
43 0.45628415300546443 0.5 0.09016393442622951 1.0
44 0.5382513661202186 0.5 0.09016393442622951 1.0
60 0.6120218579234973 0.5 0.07213114754098361 1.0
40 0.6857923497267759 0.5 0.09016393442622951 1.0
61 0.7595628415300546 0.5 0.07213114754098361 1.0
58 0.8142076502732241 0.5 0.048087431693989074 1.0
49 0.8770491803278688 0.5 0.09016393442622951 1.0
48 0.9549180327868853 0.5 0.09016393442622951 1.0
