52 0.045000000000000005 0.5 0.09000000000000001 1.0
50 0.12857142857142856 0.5 0.09428571428571429 1.0
44 0.2142857142857143 0.5 0.09428571428571429 1.0
42 0.3 0.5 0.09428571428571429 1.0
61 0.37714285714285717 0.5 0.07542857142857144 1.0
40 0.4542857142857143 0.5 0.09428571428571429 1.0
42 0.54 0.5 0.09428571428571429 1.0
53 0.6257142857142857 0.5 0.09428571428571429 1.0
59 0.6914285714285715 0.5 0.05028571428571429 1.0
40 0.7571428571428571 0.5 0.09428571428571429 1.0
60 0.8342857142857143 0.5 0.07542857142857144 1.0
59 0.8914285714285715 0.5 0.05028571428571429 1.0
56 0.9528571428571428 0.5 0.09428571428571429 1.0
