11 0.050806451612903224 0.5 0.10161290322580645 1.0
11 0.14516129032258063 0.5 0.10645161290322581 1.0
37 0.24193548387096775 0.5 0.10645161290322581 1.0
56 0.3387096774193548 0.5 0.10645161290322581 1.0
44 0.43548387096774194 0.5 0.10645161290322581 1.0
40 0.532258064516129 0.5 0.10645161290322581 1.0
60 0.6193548387096773 0.5 0.08516129032258066 1.0
37 0.7064516129032258 0.5 0.10645161290322581 1.0
49 0.8032258064516129 0.5 0.10645161290322581 1.0
59 0.8774193548387096 0.5 0.0567741935483871 1.0
43 0.9467741935483871 0.5 0.10645161290322581 1.0
