50 0.05545774647887324 0.5 0.11091549295774648 1.0
60 0.14788732394366197 0.5 0.09295774647887324 1.0
44 0.24295774647887325 0.5 0.11619718309859156 1.0
42 0.3485915492957746 0.5 0.11619718309859156 1.0
58 0.42957746478873243 0.5 0.0619718309859155 1.0
50 0.5105633802816901 0.5 0.11619718309859156 1.0
58 0.5915492957746479 0.5 0.0619718309859155 1.0
61 0.6619718309859155 0.5 0.09295774647887324 1.0
40 0.7570422535211268 0.5 0.11619718309859156 1.0
61 0.852112676056338 0.5 0.09295774647887324 1.0
44 0.9419014084507042 0.5 0.11619718309859156 1.0
