42 0.04801829268292683 0.5 0.09603658536585366 1.0
49 0.13719512195121952 0.5 0.10060975609756098 1.0
48 0.22865853658536583 0.5 0.10060975609756098 1.0
61 0.31097560975609756 0.5 0.08048780487804878 1.0
60 0.3841463414634146 0.5 0.08048780487804878 1.0
40 0.4664634146341463 0.5 0.10060975609756098 1.0
43 0.5579268292682927 0.5 0.10060975609756098 1.0
58 0.6280487804878049 0.5 0.05365853658536586 1.0
42 0.6981707317073171 0.5 0.10060975609756098 1.0
61 0.7804878048780488 0.5 0.08048780487804878 1.0
44 0.8628048780487805 0.5 0.10060975609756098 1.0
43 0.9496951219512195 0.5 0.10060975609756098 1.0
