58 0.02441860465116279 0.5 0.04883720930232558 1.0
48 0.09011627906976744 0.5 0.09593023255813954 1.0
61 0.16860465116279072 0.5 0.07674418604651163 1.0
60 0.23837209302325582 0.5 0.07674418604651163 1.0
49 0.3168604651162791 0.5 0.09593023255813954 1.0
52 0.40406976744186046 0.5 0.09593023255813954 1.0
50 0.4912790697674419 0.5 0.09593023255813954 1.0
44 0.5784883720930233 0.5 0.09593023255813954 1.0
42 0.6656976744186046 0.5 0.09593023255813954 1.0
61 0.7441860465116279 0.5 0.07674418604651163 1.0
58 0.8023255813953489 0.5 0.051162790697674425 1.0
48 0.8691860465116279 0.5 0.09593023255813954 1.0
45 0.9520348837209303 0.5 0.09593023255813954 1.0
