22 0.08444055944055943 0.5 0.16888111888111887 1.0
58 0.1888111888111888 0.5 0.06153846153846154 1.0
64 0.3006993006993007 0.5 0.18461538461538463 1.0
50 0.4370629370629371 0.5 0.11538461538461539 1.0
52 0.541958041958042 0.5 0.11538461538461539 1.0
63 0.6363636363636364 0.5 0.09230769230769231 1.0
58 0.7062937062937064 0.5 0.06153846153846154 1.0
44 0.7867132867132867 0.5 0.11538461538461539 1.0
59 0.8671328671328672 0.5 0.06153846153846154 1.0
43 0.9423076923076923 0.5 0.11538461538461539 1.0
