58 0.026582278481012658 0.5 0.053164556962025315 1.0
48 0.0981012658227848 0.5 0.10443037974683546 1.0
43 0.1930379746835443 0.5 0.10443037974683546 1.0
53 0.2879746835443038 0.5 0.10443037974683546 1.0
52 0.38291139240506333 0.5 0.10443037974683546 1.0
61 0.46835443037974683 0.5 0.08354430379746837 1.0
60 0.5443037974683544 0.5 0.08354430379746837 1.0
58 0.6075949367088608 0.5 0.055696202531645575 1.0
40 0.6803797468354431 0.5 0.10443037974683546 1.0
59 0.7531645569620253 0.5 0.055696202531645575 1.0
58 0.8037974683544304 0.5 0.055696202531645575 1.0
52 0.8765822784810127 0.5 0.10443037974683546 1.0
61 0.9582278481012658 0.5 0.08354430379746837 1.0
