52 0.047155688622754495 0.5 0.09431137724550899 1.0
46 0.1347305389221557 0.5 0.09880239520958084 1.0
40 0.2245508982035928 0.5 0.09880239520958084 1.0
60 0.30538922155688625 0.5 0.07904191616766468 1.0
44 0.3862275449101797 0.5 0.09880239520958084 1.0
46 0.4760479041916168 0.5 0.09880239520958084 1.0
49 0.5658682634730539 0.5 0.09880239520958084 1.0
59 0.6347305389221557 0.5 0.05269461077844312 1.0
43 0.7035928143712574 0.5 0.09880239520958084 1.0
44 0.7934131736526946 0.5 0.09880239520958084 1.0
60 0.8742514970059879 0.5 0.07904191616766468 1.0
52 0.9505988023952096 0.5 0.09880239520958084 1.0
