13 0.06708333333333333 0.5 0.13416666666666666 1.0
59 0.15 0.5 0.04888888888888889 1.0
61 0.20555555555555555 0.5 0.07333333333333333 1.0
40 0.28055555555555556 0.5 0.09166666666666667 1.0
60 0.3555555555555555 0.5 0.07333333333333333 1.0
37 0.4305555555555556 0.5 0.09166666666666667 1.0
28 0.5361111111111111 0.5 0.14055555555555554 1.0
61 0.6333333333333333 0.5 0.07333333333333333 1.0
49 0.7083333333333333 0.5 0.09166666666666667 1.0
48 0.7916666666666666 0.5 0.09166666666666667 1.0
44 0.8749999999999999 0.5 0.09166666666666667 1.0
52 0.9541666666666666 0.5 0.09166666666666667 1.0
