58 0.031578947368421054 0.5 0.06315789473684211 1.0
48 0.11654135338345864 0.5 0.12406015037593986 1.0
52 0.22932330827067668 0.5 0.12406015037593986 1.0
58 0.3157894736842105 0.5 0.0661654135338346 1.0
48 0.4022556390977443 0.5 0.12406015037593986 1.0
53 0.5150375939849624 0.5 0.12406015037593986 1.0
40 0.6278195488721804 0.5 0.12406015037593986 1.0
61 0.7293233082706766 0.5 0.09924812030075188 1.0
44 0.8308270676691728 0.5 0.12406015037593986 1.0
52 0.9379699248120301 0.5 0.12406015037593986 1.0
