42 0.03595890410958904 0.5 0.07191780821917808 1.0
60 0.0958904109589041 0.5 0.06027397260273973 1.0
44 0.15753424657534246 0.5 0.07534246575342465 1.0
52 0.22602739726027396 0.5 0.07534246575342465 1.0
42 0.29452054794520544 0.5 0.07534246575342465 1.0
44 0.363013698630137 0.5 0.07534246575342465 1.0
48 0.43150684931506844 0.5 0.07534246575342465 1.0
61 0.4931506849315068 0.5 0.06027397260273973 1.0
37 0.5547945205479452 0.5 0.07534246575342465 1.0
52 0.6232876712328766 0.5 0.07534246575342465 1.0
46 0.6917808219178082 0.5 0.07534246575342465 1.0
40 0.7602739726027398 0.5 0.07534246575342465 1.0
50 0.8287671232876712 0.5 0.07534246575342465 1.0
44 0.8972602739726027 0.5 0.07534246575342465 1.0
43 0.9623287671232876 0.5 0.07534246575342465 1.0
