50 0.060576923076923084 0.5 0.12115384615384617 1.0
44 0.17307692307692307 0.5 0.12692307692307694 1.0
60 0.27692307692307694 0.5 0.10153846153846155 1.0
63 0.36923076923076925 0.5 0.10153846153846155 1.0
58 0.4461538461538462 0.5 0.0676923076923077 1.0
43 0.5346153846153846 0.5 0.12692307692307694 1.0
58 0.6230769230769231 0.5 0.0676923076923077 1.0
49 0.7115384615384616 0.5 0.12692307692307694 1.0
53 0.826923076923077 0.5 0.12692307692307694 1.0
52 0.9365384615384615 0.5 0.12692307692307694 1.0
