41 0.05706521739130435 0.5 0.1141304347826087 1.0
53 0.16304347826086957 0.5 0.11956521739130435 1.0
59 0.24637681159420288 0.5 0.063768115942029 1.0
59 0.30434782608695654 0.5 0.063768115942029 1.0
37 0.38768115942028986 0.5 0.11956521739130435 1.0
63 0.48550724637681153 0.5 0.09565217391304348 1.0
58 0.5579710144927537 0.5 0.063768115942029 1.0
45 0.6413043478260869 0.5 0.11956521739130435 1.0
46 0.75 0.5 0.11956521739130435 1.0
61 0.8478260869565217 0.5 0.09565217391304348 1.0
52 0.9402173913043478 0.5 0.11956521739130435 1.0
