52 0.046052631578947366 0.5 0.09210526315789473 1.0
61 0.12280701754385964 0.5 0.07719298245614035 1.0
40 0.20175438596491227 0.5 0.09649122807017545 1.0
60 0.2807017543859649 0.5 0.07719298245614035 1.0
37 0.35964912280701755 0.5 0.09649122807017545 1.0
52 0.4473684210526315 0.5 0.09649122807017545 1.0
61 0.5263157894736842 0.5 0.07719298245614035 1.0
53 0.6052631578947368 0.5 0.09649122807017545 1.0
43 0.6929824561403509 0.5 0.09649122807017545 1.0
43 0.7807017543859649 0.5 0.09649122807017545 1.0
44 0.8684210526315789 0.5 0.09649122807017545 1.0
43 0.9517543859649122 0.5 0.09649122807017545 1.0
