50 0.03804347826086957 0.5 0.07608695652173914 1.0
59 0.09178743961352658 0.5 0.04251207729468599 1.0
40 0.1473429951690821 0.5 0.07971014492753624 1.0
61 0.21256038647342995 0.5 0.063768115942029 1.0
58 0.2608695652173913 0.5 0.04251207729468599 1.0
48 0.3164251207729469 0.5 0.07971014492753624 1.0
53 0.3888888888888889 0.5 0.07971014492753624 1.0
64 0.4830917874396135 0.5 0.127536231884058 1.0
37 0.5772946859903382 0.5 0.07971014492753624 1.0
50 0.6497584541062803 0.5 0.07971014492753624 1.0
59 0.7053140096618358 0.5 0.04251207729468599 1.0
40 0.7608695652173914 0.5 0.07971014492753624 1.0
61 0.8260869565217391 0.5 0.063768115942029 1.0
44 0.891304347826087 0.5 0.07971014492753624 1.0
43 0.9601449275362319 0.5 0.07971014492753624 1.0
