5 0.04399441340782123 0.5 0.08798882681564246 1.0
3 0.12569832402234637 0.5 0.09217877094972067 1.0
61 0.20111731843575417 0.5 0.07374301675977654 1.0
46 0.27653631284916197 0.5 0.09217877094972067 1.0
37 0.36033519553072624 0.5 0.09217877094972067 1.0
15 0.4664804469273743 0.5 0.14134078212290505 1.0
44 0.5726256983240223 0.5 0.09217877094972067 1.0
48 0.6564245810055866 0.5 0.09217877094972067 1.0
61 0.7318435754189944 0.5 0.07374301675977654 1.0
53 0.8072625698324022 0.5 0.09217877094972067 1.0
60 0.88268156424581 0.5 0.07374301675977654 1.0
56 0.9539106145251397 0.5 0.09217877094972067 1.0
