50 0.0399746192893401 0.5 0.0799492385786802 1.0
60 0.10659898477157362 0.5 0.06700507614213198 1.0
44 0.17512690355329952 0.5 0.08375634517766499 1.0
37 0.25126903553299496 0.5 0.08375634517766499 1.0
60 0.3197969543147208 0.5 0.06700507614213198 1.0
44 0.38832487309644675 0.5 0.08375634517766499 1.0
61 0.4568527918781726 0.5 0.06700507614213198 1.0
58 0.5076142131979695 0.5 0.04467005076142132 1.0
60 0.5583756345177665 0.5 0.06700507614213198 1.0
44 0.6269035532994924 0.5 0.08375634517766499 1.0
64 0.7258883248730964 0.5 0.13401015228426397 1.0
44 0.8248730964467006 0.5 0.08375634517766499 1.0
48 0.9010152284263959 0.5 0.08375634517766499 1.0
61 0.966497461928934 0.5 0.06700507614213198 1.0
