35 0.05147058823529412 0.5 0.10294117647058824 1.0
48 0.14705882352941177 0.5 0.10784313725490197 1.0
61 0.23529411764705882 0.5 0.08627450980392158 1.0
44 0.3235294117647059 0.5 0.10784313725490197 1.0
60 0.4117647058823529 0.5 0.08627450980392158 1.0
60 0.4901960784313726 0.5 0.08627450980392158 1.0
53 0.5784313725490197 0.5 0.10784313725490197 1.0
50 0.6764705882352942 0.5 0.10784313725490197 1.0
61 0.7647058823529411 0.5 0.08627450980392158 1.0
44 0.8529411764705883 0.5 0.10784313725490197 1.0
43 0.946078431372549 0.5 0.10784313725490197 1.0
