61 0.02930232558139535 0.5 0.0586046511627907 1.0
49 0.09069767441860466 0.5 0.07674418604651163 1.0
48 0.16046511627906979 0.5 0.07674418604651163 1.0
45 0.2302325581395349 0.5 0.07674418604651163 1.0
53 0.3 0.5 0.07674418604651163 1.0
44 0.3697674418604651 0.5 0.07674418604651163 1.0
37 0.43953488372093025 0.5 0.07674418604651163 1.0
58 0.4930232558139535 0.5 0.04093023255813954 1.0
48 0.5465116279069767 0.5 0.07674418604651163 1.0
37 0.6162790697674418 0.5 0.07674418604651163 1.0
42 0.686046511627907 0.5 0.07674418604651163 1.0
46 0.755813953488372 0.5 0.07674418604651163 1.0
44 0.8255813953488371 0.5 0.07674418604651163 1.0
44 0.8953488372093023 0.5 0.07674418604651163 1.0
47 0.9616279069767442 0.5 0.07674418604651163 1.0
