30 0.075 0.5 0.15 1.0
48 0.18944099378881987 0.5 0.10248447204968944 1.0
46 0.2826086956521739 0.5 0.10248447204968944 1.0
44 0.3757763975155279 0.5 0.10248447204968944 1.0
58 0.44720496894409933 0.5 0.0546583850931677 1.0
64 0.546583850931677 0.5 0.16397515527950313 1.0
59 0.6459627329192547 0.5 0.0546583850931677 1.0
58 0.6956521739130435 0.5 0.0546583850931677 1.0
42 0.767080745341615 0.5 0.10248447204968944 1.0
46 0.860248447204969 0.5 0.10248447204968944 1.0
44 0.9487577639751553 0.5 0.10248447204968944 1.0
