60 0.03772455089820359 0.5 0.07544910179640718 1.0
44 0.11676646706586827 0.5 0.09880239520958084 1.0
37 0.20658682634730538 0.5 0.09880239520958084 1.0
44 0.2964071856287425 0.5 0.09880239520958084 1.0
54 0.3862275449101797 0.5 0.09880239520958084 1.0
40 0.4760479041916168 0.5 0.09880239520958084 1.0
59 0.5449101796407185 0.5 0.05269461077844312 1.0
53 0.6137724550898204 0.5 0.09880239520958084 1.0
40 0.7035928143712574 0.5 0.09880239520958084 1.0
61 0.7844311377245509 0.5 0.07904191616766468 1.0
44 0.8652694610778443 0.5 0.09880239520958084 1.0
43 0.9505988023952096 0.5 0.09880239520958084 1.0
