35 0.060576923076923084 0.5 0.12115384615384617 1.0
48 0.17307692307692307 0.5 0.12692307692307694 1.0
43 0.2884615384615385 0.5 0.12692307692307694 1.0
53 0.40384615384615385 0.5 0.12692307692307694 1.0
52 0.5192307692307693 0.5 0.12692307692307694 1.0
61 0.6230769230769231 0.5 0.10153846153846155 1.0
60 0.7153846153846155 0.5 0.10153846153846155 1.0
58 0.7923076923076924 0.5 0.0676923076923077 1.0
40 0.8807692307692309 0.5 0.12692307692307694 1.0
59 0.9661538461538461 0.5 0.0676923076923077 1.0
