53 0.04831288343558282 0.5 0.09662576687116564 1.0
48 0.1380368098159509 0.5 0.10122699386503067 1.0
43 0.23006134969325154 0.5 0.10122699386503067 1.0
44 0.3220858895705521 0.5 0.10122699386503067 1.0
60 0.4049079754601227 0.5 0.08098159509202456 1.0
50 0.48773006134969327 0.5 0.10122699386503067 1.0
58 0.558282208588957 0.5 0.0539877300613497 1.0
48 0.6288343558282208 0.5 0.10122699386503067 1.0
48 0.7208588957055214 0.5 0.10122699386503067 1.0
58 0.7914110429447853 0.5 0.0539877300613497 1.0
48 0.861963190184049 0.5 0.10122699386503067 1.0
45 0.9493865030674846 0.5 0.10122699386503067 1.0
