42 0.05180921052631579 0.5 0.10361842105263158 1.0
49 0.14802631578947367 0.5 0.10855263157894737 1.0
53 0.2467105263157895 0.5 0.10855263157894737 1.0
60 0.3355263157894737 0.5 0.0868421052631579 1.0
61 0.4144736842105263 0.5 0.0868421052631579 1.0
44 0.5032894736842105 0.5 0.10855263157894737 1.0
49 0.6019736842105262 0.5 0.10855263157894737 1.0
53 0.700657894736842 0.5 0.10855263157894737 1.0
52 0.7993421052631579 0.5 0.10855263157894737 1.0
59 0.875 0.5 0.05789473684210526 1.0
56 0.9457236842105263 0.5 0.10855263157894737 1.0
