45 0.04861111111111111 0.5 0.09722222222222222 1.0
60 0.12962962962962962 0.5 0.08148148148148149 1.0
40 0.21296296296296297 0.5 0.10185185185185186 1.0
61 0.2962962962962963 0.5 0.08148148148148149 1.0
58 0.35802469135802467 0.5 0.05432098765432099 1.0
63 0.41975308641975306 0.5 0.08148148148148149 1.0
58 0.48148148148148145 0.5 0.05432098765432099 1.0
42 0.5524691358024691 0.5 0.10185185185185186 1.0
40 0.6450617283950617 0.5 0.10185185185185186 1.0
61 0.728395061728395 0.5 0.08148148148148149 1.0
58 0.7901234567901234 0.5 0.05432098765432099 1.0
49 0.861111111111111 0.5 0.10185185185185186 1.0
48 0.9490740740740741 0.5 0.10185185185185186 1.0
