40 0.03379828326180258 0.5 0.06759656652360516 1.0
42 0.09656652360515021 0.5 0.07081545064377683 1.0
47 0.16094420600858367 0.5 0.07081545064377683 1.0
48 0.22532188841201717 0.5 0.07081545064377683 1.0
49 0.2896995708154506 0.5 0.07081545064377683 1.0
65 0.3733905579399141 0.5 0.11330472103004292 1.0
59 0.44206008583690987 0.5 0.037768240343347644 1.0
44 0.4914163090128755 0.5 0.07081545064377683 1.0
43 0.5557939914163089 0.5 0.07081545064377683 1.0
45 0.6201716738197425 0.5 0.07081545064377683 1.0
44 0.6845493562231759 0.5 0.07081545064377683 1.0
64 0.7682403433476395 0.5 0.11330472103004292 1.0
44 0.8519313304721029 0.5 0.07081545064377683 1.0
48 0.9163090128755365 0.5 0.07081545064377683 1.0
61 0.9716738197424892 0.5 0.05665236051502146 1.0
