45 0.05147058823529412 0.5 0.10294117647058824 1.0
60 0.13725490196078433 0.5 0.08627450980392158 1.0
40 0.22549019607843135 0.5 0.10784313725490197 1.0
48 0.3235294117647059 0.5 0.10784313725490197 1.0
43 0.4215686274509804 0.5 0.10784313725490197 1.0
63 0.5098039215686274 0.5 0.08627450980392158 1.0
40 0.5980392156862746 0.5 0.10784313725490197 1.0
61 0.6862745098039216 0.5 0.08627450980392158 1.0
46 0.7745098039215687 0.5 0.10784313725490197 1.0
44 0.8725490196078431 0.5 0.10784313725490197 1.0
60 0.9568627450980393 0.5 0.08627450980392158 1.0
