43 0.05285234899328859 0.5 0.10570469798657718 1.0
58 0.12751677852348992 0.5 0.059060402684563765 1.0
52 0.2046979865771812 0.5 0.11073825503355705 1.0
64 0.3355704697986577 0.5 0.17718120805369128 1.0
49 0.46644295302013417 0.5 0.11073825503355705 1.0
53 0.5671140939597314 0.5 0.11073825503355705 1.0
48 0.6677852348993288 0.5 0.11073825503355705 1.0
61 0.7583892617449663 0.5 0.08859060402684564 1.0
44 0.848993288590604 0.5 0.11073825503355705 1.0
43 0.9446308724832215 0.5 0.11073825503355705 1.0
