58 0.027814569536423844 0.5 0.05562913907284769 1.0
64 0.13245033112582782 0.5 0.17483443708609273 1.0
50 0.26158940397350994 0.5 0.10927152317880795 1.0
44 0.36092715231788075 0.5 0.10927152317880795 1.0
60 0.45033112582781454 0.5 0.08741721854304636 1.0
61 0.5298013245033113 0.5 0.08741721854304636 1.0
58 0.5960264900662252 0.5 0.05827814569536424 1.0
48 0.6721854304635762 0.5 0.10927152317880795 1.0
44 0.7715231788079471 0.5 0.10927152317880795 1.0
48 0.8708609271523179 0.5 0.10927152317880795 1.0
61 0.9562913907284768 0.5 0.08741721854304636 1.0
