52 0.04743975903614458 0.5 0.09487951807228916 1.0
50 0.1355421686746988 0.5 0.09939759036144578 1.0
44 0.22590361445783133 0.5 0.09939759036144578 1.0
44 0.31626506024096385 0.5 0.09939759036144578 1.0
42 0.4066265060240964 0.5 0.09939759036144578 1.0
46 0.49698795180722893 0.5 0.09939759036144578 1.0
59 0.5662650602409638 0.5 0.05301204819277109 1.0
44 0.6355421686746988 0.5 0.09939759036144578 1.0
52 0.7259036144578314 0.5 0.09939759036144578 1.0
52 0.8162650602409639 0.5 0.09939759036144578 1.0
59 0.8855421686746988 0.5 0.05301204819277109 1.0
56 0.9503012048192772 0.5 0.09939759036144578 1.0
