15 0.07362804878048781 0.5 0.14725609756097563 1.0
40 0.18597560975609756 0.5 0.10060975609756098 1.0
48 0.2774390243902439 0.5 0.10060975609756098 1.0
48 0.36890243902439024 0.5 0.10060975609756098 1.0
49 0.4603658536585366 0.5 0.10060975609756098 1.0
48 0.551829268292683 0.5 0.10060975609756098 1.0
37 0.6432926829268293 0.5 0.10060975609756098 1.0
60 0.725609756097561 0.5 0.08048780487804878 1.0
49 0.8079268292682927 0.5 0.10060975609756098 1.0
65 0.9195121951219513 0.5 0.16097560975609757 1.0
