44 0.053209459459459464 0.5 0.10641891891891893 1.0
52 0.15202702702702703 0.5 0.1114864864864865 1.0
61 0.24324324324324326 0.5 0.08918918918918921 1.0
40 0.33445945945945943 0.5 0.1114864864864865 1.0
41 0.4358108108108108 0.5 0.1114864864864865 1.0
59 0.5135135135135136 0.5 0.05945945945945947 1.0
58 0.5675675675675675 0.5 0.05945945945945947 1.0
52 0.6452702702702703 0.5 0.1114864864864865 1.0
46 0.7466216216216216 0.5 0.1114864864864865 1.0
44 0.847972972972973 0.5 0.1114864864864865 1.0
43 0.9442567567567568 0.5 0.1114864864864865 1.0
