58 0.029577464788732397 0.5 0.05915492957746479 1.0
48 0.10915492957746478 0.5 0.11619718309859156 1.0
61 0.20422535211267606 0.5 0.09295774647887324 1.0
44 0.2992957746478873 0.5 0.11619718309859156 1.0
60 0.39436619718309857 0.5 0.09295774647887324 1.0
59 0.4647887323943662 0.5 0.0619718309859155 1.0
49 0.545774647887324 0.5 0.11619718309859156 1.0
50 0.6514084507042254 0.5 0.11619718309859156 1.0
44 0.7570422535211268 0.5 0.11619718309859156 1.0
60 0.852112676056338 0.5 0.09295774647887324 1.0
52 0.9419014084507042 0.5 0.11619718309859156 1.0
