64 0.08025477707006369 0.5 0.16050955414012738 1.0
49 0.20063694267515925 0.5 0.1050955414012739 1.0
48 0.2961783439490446 0.5 0.1050955414012739 1.0
49 0.39171974522292996 0.5 0.1050955414012739 1.0
50 0.4872611464968153 0.5 0.1050955414012739 1.0
49 0.5828025477707006 0.5 0.1050955414012739 1.0
59 0.6560509554140128 0.5 0.05605095541401275 1.0
58 0.7070063694267517 0.5 0.05605095541401275 1.0
52 0.7802547770700637 0.5 0.1050955414012739 1.0
61 0.8662420382165605 0.5 0.08407643312101912 1.0
52 0.947452229299363 0.5 0.1050955414012739 1.0
