42 0.04743975903614458 0.5 0.09487951807228916 1.0
49 0.1355421686746988 0.5 0.09939759036144578 1.0
64 0.25301204819277107 0.5 0.15903614457831325 1.0
64 0.39759036144578314 0.5 0.15903614457831325 1.0
53 0.5150602409638554 0.5 0.09939759036144578 1.0
48 0.6054216867469879 0.5 0.09939759036144578 1.0
58 0.6746987951807228 0.5 0.05301204819277109 1.0
52 0.7439759036144579 0.5 0.09939759036144578 1.0
61 0.8253012048192772 0.5 0.07951807228915662 1.0
52 0.9066265060240963 0.5 0.09939759036144578 1.0
2 0.9734939759036144 0.5 0.05301204819277109 1.0
