61 0.051219512195121955 0.5 0.10243902439024391 1.0
40 0.15853658536585366 0.5 0.13414634146341464 1.0
42 0.2804878048780488 0.5 0.13414634146341464 1.0
61 0.39024390243902435 0.5 0.10731707317073172 1.0
58 0.4715447154471545 0.5 0.07154471544715449 1.0
42 0.565040650406504 0.5 0.13414634146341464 1.0
40 0.6869918699186992 0.5 0.13414634146341464 1.0
59 0.7804878048780487 0.5 0.07154471544715449 1.0
59 0.8455284552845528 0.5 0.07154471544715449 1.0
56 0.9329268292682926 0.5 0.13414634146341464 1.0
