28 0.053666666666666675 0.5 0.10733333333333335 1.0
44 0.13555555555555557 0.5 0.07333333333333333 1.0
59 0.18666666666666668 0.5 0.03911111111111112 1.0
63 0.23111111111111113 0.5 0.05866666666666667 1.0
37 0.2911111111111111 0.5 0.07333333333333333 1.0
43 0.35777777777777775 0.5 0.07333333333333333 1.0
44 0.42444444444444446 0.5 0.07333333333333333 1.0
50 0.4911111111111111 0.5 0.07333333333333333 1.0
60 0.5511111111111111 0.5 0.05866666666666667 1.0
44 0.6111111111111112 0.5 0.07333333333333333 1.0
42 0.6777777777777778 0.5 0.07333333333333333 1.0
40 0.7444444444444445 0.5 0.07333333333333333 1.0
61 0.8044444444444444 0.5 0.05866666666666667 1.0
58 0.8488888888888889 0.5 0.03911111111111112 1.0
49 0.9 0.5 0.07333333333333333 1.0
48 0.9633333333333334 0.5 0.07333333333333333 1.0
