58 0.026415094339622643 0.5 0.052830188679245285 1.0
64 0.12578616352201258 0.5 0.16603773584905662 1.0
64 0.27672955974842767 0.5 0.16603773584905662 1.0
44 0.3993710691823899 0.5 0.1037735849056604 1.0
43 0.4937106918238994 0.5 0.1037735849056604 1.0
58 0.5660377358490566 0.5 0.05534591194968554 1.0
40 0.6383647798742138 0.5 0.1037735849056604 1.0
61 0.7232704402515724 0.5 0.08301886792452831 1.0
44 0.8081761006289309 0.5 0.1037735849056604 1.0
59 0.8805031446540881 0.5 0.05534591194968554 1.0
56 0.9481132075471698 0.5 0.1037735849056604 1.0
