25 0.069 0.5 0.138 1.0
60 0.1657142857142857 0.5 0.07542857142857144 1.0
49 0.24285714285714288 0.5 0.09428571428571429 1.0
45 0.32857142857142857 0.5 0.09428571428571429 1.0
60 0.40571428571428575 0.5 0.07542857142857144 1.0
44 0.4828571428571429 0.5 0.09428571428571429 1.0
52 0.5685714285714285 0.5 0.09428571428571429 1.0
52 0.6542857142857142 0.5 0.09428571428571429 1.0
58 0.7200000000000001 0.5 0.05028571428571429 1.0
54 0.7857142857142857 0.5 0.09428571428571429 1.0
44 0.8714285714285714 0.5 0.09428571428571429 1.0
52 0.9528571428571428 0.5 0.09428571428571429 1.0
