44 0.049528301886792456 0.5 0.09905660377358491 1.0
40 0.14150943396226418 0.5 0.1037735849056604 1.0
60 0.22641509433962265 0.5 0.08301886792452831 1.0
61 0.3018867924528302 0.5 0.08301886792452831 1.0
46 0.3867924528301887 0.5 0.1037735849056604 1.0
37 0.4811320754716981 0.5 0.1037735849056604 1.0
41 0.5754716981132075 0.5 0.1037735849056604 1.0
49 0.669811320754717 0.5 0.1037735849056604 1.0
53 0.7641509433962265 0.5 0.1037735849056604 1.0
48 0.8584905660377359 0.5 0.1037735849056604 1.0
43 0.9481132075471698 0.5 0.1037735849056604 1.0
