52 0.04424157303370787 0.5 0.08848314606741574 1.0
58 0.10674157303370786 0.5 0.04943820224719101 1.0
48 0.17134831460674155 0.5 0.09269662921348315 1.0
45 0.2556179775280899 0.5 0.09269662921348315 1.0
59 0.3202247191011236 0.5 0.04943820224719101 1.0
44 0.3848314606741573 0.5 0.09269662921348315 1.0
37 0.4691011235955056 0.5 0.09269662921348315 1.0
43 0.553370786516854 0.5 0.09269662921348315 1.0
44 0.6376404494382023 0.5 0.09269662921348315 1.0
42 0.7219101123595506 0.5 0.09269662921348315 1.0
47 0.8061797752808989 0.5 0.09269662921348315 1.0
44 0.8904494382022472 0.5 0.09269662921348315 1.0
60 0.9629213483146067 0.5 0.07415730337078652 1.0
