14 0.07944078947368421 0.5 0.15888157894736843 1.0
60 0.1907894736842105 0.5 0.0868421052631579 1.0
49 0.27960526315789475 0.5 0.10855263157894737 1.0
53 0.37828947368421056 0.5 0.10855263157894737 1.0
45 0.4769736842105263 0.5 0.10855263157894737 1.0
46 0.575657894736842 0.5 0.10855263157894737 1.0
61 0.6644736842105263 0.5 0.0868421052631579 1.0
49 0.7532894736842105 0.5 0.10855263157894737 1.0
48 0.8519736842105262 0.5 0.10855263157894737 1.0
52 0.9457236842105263 0.5 0.10855263157894737 1.0
