42 0.04059278350515464 0.5 0.08118556701030928 1.0
49 0.11597938144329897 0.5 0.08505154639175258 1.0
48 0.19329896907216496 0.5 0.08505154639175258 1.0
42 0.27061855670103097 0.5 0.08505154639175258 1.0
44 0.3479381443298969 0.5 0.08505154639175258 1.0
48 0.42525773195876293 0.5 0.08505154639175258 1.0
61 0.4948453608247423 0.5 0.06804123711340207 1.0
60 0.5567010309278351 0.5 0.06804123711340207 1.0
40 0.6262886597938144 0.5 0.08505154639175258 1.0
61 0.6958762886597939 0.5 0.06804123711340207 1.0
58 0.7474226804123713 0.5 0.04536082474226805 1.0
49 0.8067010309278351 0.5 0.08505154639175258 1.0
48 0.884020618556701 0.5 0.08505154639175258 1.0
52 0.9574742268041238 0.5 0.08505154639175258 1.0
