52 0.060114503816793896 0.5 0.12022900763358779 1.0
61 0.16030534351145037 0.5 0.10076335877862597 1.0
60 0.2519083969465649 0.5 0.10076335877862597 1.0
58 0.3282442748091603 0.5 0.06717557251908397 1.0
42 0.416030534351145 0.5 0.12595419847328246 1.0
61 0.5190839694656488 0.5 0.10076335877862597 1.0
53 0.6221374045801527 0.5 0.12595419847328246 1.0
60 0.7251908396946565 0.5 0.10076335877862597 1.0
44 0.8282442748091603 0.5 0.12595419847328246 1.0
52 0.9370229007633588 0.5 0.12595419847328246 1.0
