42 0.05147058823529412 0.5 0.10294117647058824 1.0
49 0.14705882352941177 0.5 0.10784313725490197 1.0
64 0.27450980392156865 0.5 0.17254901960784316 1.0
50 0.40196078431372545 0.5 0.10784313725490197 1.0
59 0.477124183006536 0.5 0.05751633986928105 1.0
40 0.5522875816993464 0.5 0.10784313725490197 1.0
58 0.6274509803921569 0.5 0.05751633986928105 1.0
48 0.7026143790849674 0.5 0.10784313725490197 1.0
58 0.7777777777777778 0.5 0.05751633986928105 1.0
48 0.8529411764705883 0.5 0.10784313725490197 1.0
45 0.946078431372549 0.5 0.10784313725490197 1.0
