43 0.039179104477611935 0.5 0.07835820895522387 1.0
58 0.09452736318407959 0.5 0.04378109452736319 1.0
52 0.15174129353233828 0.5 0.08208955223880597 1.0
50 0.22636815920398007 0.5 0.08208955223880597 1.0
40 0.30099502487562185 0.5 0.08208955223880597 1.0
52 0.37562189054726364 0.5 0.08208955223880597 1.0
52 0.4502487562189054 0.5 0.08208955223880597 1.0
58 0.5074626865671641 0.5 0.04378109452736319 1.0
49 0.5646766169154228 0.5 0.08208955223880597 1.0
48 0.6393034825870646 0.5 0.08208955223880597 1.0
40 0.7139303482587064 0.5 0.08208955223880597 1.0
61 0.781094527363184 0.5 0.06567164179104477 1.0
44 0.8482587064676617 0.5 0.08208955223880597 1.0
59 0.9054726368159204 0.5 0.04378109452736319 1.0
56 0.9589552238805971 0.5 0.08208955223880597 1.0
