49 0.05545774647887324 0.5 0.11091549295774648 1.0
60 0.14788732394366197 0.5 0.09295774647887324 1.0
58 0.21830985915492956 0.5 0.0619718309859155 1.0
44 0.2992957746478873 0.5 0.11619718309859156 1.0
48 0.4049295774647887 0.5 0.11619718309859156 1.0
61 0.5 0.5 0.09295774647887324 1.0
40 0.5950704225352113 0.5 0.11619718309859156 1.0
61 0.6901408450704225 0.5 0.09295774647887324 1.0
58 0.7605633802816901 0.5 0.0619718309859155 1.0
49 0.8415492957746479 0.5 0.11619718309859156 1.0
48 0.9419014084507042 0.5 0.11619718309859156 1.0
