40 0.05545774647887324 0.5 0.11091549295774648 1.0
59 0.13380281690140844 0.5 0.0619718309859155 1.0
61 0.20422535211267606 0.5 0.09295774647887324 1.0
44 0.2992957746478873 0.5 0.11619718309859156 1.0
60 0.39436619718309857 0.5 0.09295774647887324 1.0
48 0.4894366197183098 0.5 0.11619718309859156 1.0
40 0.5950704225352113 0.5 0.11619718309859156 1.0
61 0.6901408450704225 0.5 0.09295774647887324 1.0
58 0.7605633802816901 0.5 0.0619718309859155 1.0
54 0.8415492957746479 0.5 0.11619718309859156 1.0
44 0.9419014084507042 0.5 0.11619718309859156 1.0
