52 0.05113636363636364 0.5 0.10227272727272728 1.0
61 0.13636363636363635 0.5 0.08571428571428572 1.0
60 0.2142857142857143 0.5 0.08571428571428572 1.0
53 0.30194805194805197 0.5 0.10714285714285715 1.0
42 0.39935064935064934 0.5 0.10714285714285715 1.0
61 0.487012987012987 0.5 0.08571428571428572 1.0
53 0.5746753246753247 0.5 0.10714285714285715 1.0
60 0.6623376623376623 0.5 0.08571428571428572 1.0
40 0.75 0.5 0.10714285714285715 1.0
59 0.8246753246753247 0.5 0.05714285714285715 1.0
59 0.8766233766233766 0.5 0.05714285714285715 1.0
56 0.9464285714285714 0.5 0.10714285714285715 1.0
