61 0.041176470588235294 0.5 0.08235294117647059 1.0
60 0.11764705882352941 0.5 0.08627450980392158 1.0
40 0.20588235294117646 0.5 0.10784313725490197 1.0
48 0.30392156862745096 0.5 0.10784313725490197 1.0
52 0.40196078431372545 0.5 0.10784313725490197 1.0
50 0.5 0.5 0.10784313725490197 1.0
49 0.5980392156862746 0.5 0.10784313725490197 1.0
60 0.6862745098039216 0.5 0.08627450980392158 1.0
61 0.7647058823529411 0.5 0.08627450980392158 1.0
44 0.8529411764705883 0.5 0.10784313725490197 1.0
43 0.946078431372549 0.5 0.10784313725490197 1.0
