44 0.04233870967741936 0.5 0.08467741935483872 1.0
48 0.12096774193548387 0.5 0.08870967741935484 1.0
42 0.20161290322580644 0.5 0.08870967741935484 1.0
53 0.28225806451612906 0.5 0.08870967741935484 1.0
64 0.3870967741935484 0.5 0.14193548387096774 1.0
41 0.49193548387096775 0.5 0.08870967741935484 1.0
60 0.564516129032258 0.5 0.07096774193548387 1.0
40 0.6370967741935484 0.5 0.08870967741935484 1.0
48 0.7177419354838709 0.5 0.08870967741935484 1.0
42 0.7983870967741935 0.5 0.08870967741935484 1.0
44 0.879032258064516 0.5 0.08870967741935484 1.0
52 0.9556451612903226 0.5 0.08870967741935484 1.0
