59 0.021212121212121213 0.5 0.04242424242424243 1.0
58 0.06060606060606061 0.5 0.04444444444444445 1.0
63 0.11111111111111112 0.5 0.06666666666666668 1.0
44 0.1792929292929293 0.5 0.08333333333333334 1.0
37 0.2550505050505051 0.5 0.08333333333333334 1.0
58 0.31313131313131315 0.5 0.04444444444444445 1.0
48 0.37121212121212127 0.5 0.08333333333333334 1.0
52 0.446969696969697 0.5 0.08333333333333334 1.0
53 0.5227272727272727 0.5 0.08333333333333334 1.0
60 0.5909090909090909 0.5 0.06666666666666668 1.0
40 0.6590909090909091 0.5 0.08333333333333334 1.0
48 0.7348484848484849 0.5 0.08333333333333334 1.0
42 0.8106060606060606 0.5 0.08333333333333334 1.0
44 0.8863636363636364 0.5 0.08333333333333334 1.0
52 0.9583333333333334 0.5 0.08333333333333334 1.0
