43 0.05147058823529412 0.5 0.10294117647058824 1.0
58 0.12418300653594772 0.5 0.05751633986928105 1.0
52 0.19934640522875816 0.5 0.10784313725490197 1.0
61 0.2875816993464052 0.5 0.08627450980392158 1.0
58 0.35294117647058826 0.5 0.05751633986928105 1.0
48 0.42810457516339867 0.5 0.10784313725490197 1.0
42 0.5261437908496732 0.5 0.10784313725490197 1.0
61 0.6143790849673202 0.5 0.08627450980392158 1.0
58 0.6797385620915033 0.5 0.05751633986928105 1.0
49 0.7549019607843138 0.5 0.10784313725490197 1.0
48 0.8529411764705883 0.5 0.10784313725490197 1.0
52 0.946078431372549 0.5 0.10784313725490197 1.0
