15 0.09011194029850747 0.5 0.18022388059701494 1.0
46 0.22761194029850745 0.5 0.12313432835820896 1.0
58 0.3134328358208955 0.5 0.06567164179104477 1.0
59 0.3731343283582089 0.5 0.06567164179104477 1.0
43 0.458955223880597 0.5 0.12313432835820896 1.0
60 0.5597014925373135 0.5 0.09850746268656717 1.0
44 0.6604477611940298 0.5 0.12313432835820896 1.0
48 0.7723880597014925 0.5 0.12313432835820896 1.0
2 0.8582089552238806 0.5 0.06567164179104477 1.0
52 0.9384328358208955 0.5 0.12313432835820896 1.0
