44 0.046052631578947366 0.5 0.09210526315789473 1.0
48 0.13157894736842105 0.5 0.09649122807017545 1.0
45 0.21929824561403508 0.5 0.09649122807017545 1.0
40 0.3070175438596491 0.5 0.09649122807017545 1.0
45 0.39473684210526316 0.5 0.09649122807017545 1.0
44 0.48245614035087714 0.5 0.09649122807017545 1.0
64 0.5964912280701754 0.5 0.1543859649122807 1.0
44 0.7105263157894737 0.5 0.09649122807017545 1.0
48 0.7982456140350876 0.5 0.09649122807017545 1.0
61 0.8771929824561403 0.5 0.07719298245614035 1.0
52 0.9517543859649122 0.5 0.09649122807017545 1.0
