60 0.03368983957219252 0.5 0.06737967914438504 1.0
44 0.10427807486631016 0.5 0.08823529411764706 1.0
64 0.20855614973262035 0.5 0.14117647058823532 1.0
58 0.29411764705882354 0.5 0.047058823529411764 1.0
48 0.3556149732620321 0.5 0.08823529411764706 1.0
58 0.41711229946524064 0.5 0.047058823529411764 1.0
52 0.4786096256684492 0.5 0.08823529411764706 1.0
42 0.5588235294117648 0.5 0.08823529411764706 1.0
44 0.6390374331550803 0.5 0.08823529411764706 1.0
48 0.7192513368983958 0.5 0.08823529411764706 1.0
42 0.7994652406417113 0.5 0.08823529411764706 1.0
44 0.8796791443850268 0.5 0.08823529411764706 1.0
52 0.9558823529411765 0.5 0.08823529411764706 1.0
