61 0.045323741007194246 0.5 0.09064748201438849 1.0
58 0.11510791366906475 0.5 0.06330935251798563 1.0
64 0.2302158273381295 0.5 0.18992805755395686 1.0
44 0.3705035971223022 0.5 0.11870503597122302 1.0
61 0.4676258992805756 0.5 0.09496402877697843 1.0
40 0.564748201438849 0.5 0.11870503597122302 1.0
41 0.6726618705035972 0.5 0.11870503597122302 1.0
59 0.7553956834532375 0.5 0.06330935251798563 1.0
44 0.8381294964028777 0.5 0.11870503597122302 1.0
52 0.9406474820143885 0.5 0.11870503597122302 1.0
