16 0.07102941176470588 0.5 0.14205882352941177 1.0
53 0.17941176470588235 0.5 0.09705882352941178 1.0
71 0.2676470588235294 0.5 0.09705882352941178 1.0
60 0.34705882352941175 0.5 0.07764705882352942 1.0
60 0.41764705882352937 0.5 0.07764705882352942 1.0
44 0.4970588235294118 0.5 0.09705882352941178 1.0
48 0.5852941176470587 0.5 0.09705882352941178 1.0
64 0.7 0.5 0.15529411764705883 1.0
40 0.8147058823529412 0.5 0.09705882352941178 1.0
61 0.8941176470588236 0.5 0.07764705882352942 1.0
61 0.9611764705882353 0.5 0.07764705882352942 1.0
