50 0.05665467625899281 0.5 0.11330935251798561 1.0
59 0.13669064748201437 0.5 0.06330935251798563 1.0
40 0.21942446043165467 0.5 0.11870503597122302 1.0
56 0.32733812949640284 0.5 0.11870503597122302 1.0
65 0.4676258992805755 0.5 0.18992805755395686 1.0
60 0.5971223021582733 0.5 0.09496402877697843 1.0
58 0.6690647482014389 0.5 0.06330935251798563 1.0
45 0.7517985611510791 0.5 0.11870503597122302 1.0
46 0.8597122302158273 0.5 0.11870503597122302 1.0
61 0.9525179856115108 0.5 0.09496402877697843 1.0
