64 0.07682926829268293 0.5 0.15365853658536585 1.0
44 0.19207317073170732 0.5 0.10060975609756098 1.0
61 0.274390243902439 0.5 0.08048780487804878 1.0
40 0.3567073170731707 0.5 0.10060975609756098 1.0
50 0.448170731707317 0.5 0.10060975609756098 1.0
46 0.5396341463414634 0.5 0.10060975609756098 1.0
56 0.6310975609756098 0.5 0.10060975609756098 1.0
52 0.7225609756097561 0.5 0.10060975609756098 1.0
58 0.7926829268292683 0.5 0.05365853658536586 1.0
42 0.8628048780487805 0.5 0.10060975609756098 1.0
52 0.9496951219512195 0.5 0.10060975609756098 1.0
