53 0.04578488372093024 0.5 0.09156976744186048 1.0
48 0.1308139534883721 0.5 0.09593023255813954 1.0
37 0.2180232558139535 0.5 0.09593023255813954 1.0
13 0.3284883720930233 0.5 0.14709302325581394 1.0
64 0.46511627906976744 0.5 0.15348837209302327 1.0
44 0.5784883720930232 0.5 0.09593023255813954 1.0
60 0.6569767441860465 0.5 0.07674418604651163 1.0
58 0.7151162790697675 0.5 0.051162790697674425 1.0
42 0.7819767441860465 0.5 0.09593023255813954 1.0
40 0.8691860465116279 0.5 0.09593023255813954 1.0
48 0.9520348837209303 0.5 0.09593023255813954 1.0
