15 0.0575 0.5 0.115 1.0
49 0.14523809523809522 0.5 0.07857142857142857 1.0
48 0.21666666666666667 0.5 0.07857142857142857 1.0
45 0.28809523809523807 0.5 0.07857142857142857 1.0
60 0.35238095238095235 0.5 0.06285714285714286 1.0
40 0.41666666666666663 0.5 0.07857142857142857 1.0
61 0.48095238095238096 0.5 0.06285714285714286 1.0
53 0.5452380952380952 0.5 0.07857142857142857 1.0
59 0.6 0.5 0.04190476190476191 1.0
40 0.6547619047619048 0.5 0.07857142857142857 1.0
61 0.719047619047619 0.5 0.06285714285714286 1.0
58 0.7666666666666667 0.5 0.04190476190476191 1.0
49 0.8214285714285714 0.5 0.07857142857142857 1.0
48 0.8928571428571428 0.5 0.07857142857142857 1.0
52 0.9607142857142857 0.5 0.07857142857142857 1.0
