15 0.07453703703703704 0.5 0.14907407407407408 1.0
49 0.1882716049382716 0.5 0.10185185185185186 1.0
64 0.30864197530864196 0.5 0.16296296296296298 1.0
64 0.4567901234567901 0.5 0.16296296296296298 1.0
58 0.5555555555555555 0.5 0.05432098765432099 1.0
52 0.6265432098765431 0.5 0.10185185185185186 1.0
52 0.7191358024691358 0.5 0.10185185185185186 1.0
58 0.7901234567901234 0.5 0.05432098765432099 1.0
49 0.861111111111111 0.5 0.10185185185185186 1.0
48 0.9490740740740741 0.5 0.10185185185185186 1.0
