41 0.05431034482758621 0.5 0.10862068965517242 1.0
59 0.13103448275862067 0.5 0.0606896551724138 1.0
49 0.21034482758620687 0.5 0.11379310344827587 1.0
52 0.3137931034482758 0.5 0.11379310344827587 1.0
52 0.41724137931034483 0.5 0.11379310344827587 1.0
49 0.5206896551724138 0.5 0.11379310344827587 1.0
64 0.6551724137931034 0.5 0.1820689655172414 1.0
58 0.7655172413793103 0.5 0.0606896551724138 1.0
48 0.8448275862068966 0.5 0.11379310344827587 1.0
45 0.943103448275862 0.5 0.11379310344827587 1.0
