44 0.04256756756756757 0.5 0.08513513513513514 1.0
48 0.12162162162162163 0.5 0.08918918918918921 1.0
61 0.1945945945945946 0.5 0.07135135135135136 1.0
44 0.2675675675675676 0.5 0.08918918918918921 1.0
60 0.34054054054054056 0.5 0.07135135135135136 1.0
61 0.40540540540540543 0.5 0.07135135135135136 1.0
40 0.4783783783783784 0.5 0.08918918918918921 1.0
58 0.5405405405405406 0.5 0.047567567567567574 1.0
48 0.6027027027027028 0.5 0.08918918918918921 1.0
64 0.7081081081081082 0.5 0.14270270270270272 1.0
44 0.8135135135135136 0.5 0.08918918918918921 1.0
48 0.8945945945945947 0.5 0.08918918918918921 1.0
61 0.9643243243243244 0.5 0.07135135135135136 1.0
