59 0.028965517241379312 0.5 0.057931034482758624 1.0
58 0.08275862068965517 0.5 0.0606896551724138 1.0
44 0.16206896551724137 0.5 0.11379310344827587 1.0
53 0.2655172413793103 0.5 0.11379310344827587 1.0
61 0.35862068965517235 0.5 0.0910344827586207 1.0
44 0.4517241379310345 0.5 0.11379310344827587 1.0
48 0.5551724137931034 0.5 0.11379310344827587 1.0
40 0.6586206896551724 0.5 0.11379310344827587 1.0
48 0.7620689655172413 0.5 0.11379310344827587 1.0
61 0.8551724137931034 0.5 0.0910344827586207 1.0
52 0.943103448275862 0.5 0.11379310344827587 1.0
