43 0.04059278350515464 0.5 0.08118556701030928 1.0
58 0.0979381443298969 0.5 0.04536082474226805 1.0
52 0.15721649484536082 0.5 0.08505154639175258 1.0
61 0.2268041237113402 0.5 0.06804123711340207 1.0
58 0.27835051546391754 0.5 0.04536082474226805 1.0
48 0.33762886597938147 0.5 0.08505154639175258 1.0
45 0.4149484536082474 0.5 0.08505154639175258 1.0
53 0.49226804123711343 0.5 0.08505154639175258 1.0
58 0.5515463917525774 0.5 0.04536082474226805 1.0
52 0.6108247422680412 0.5 0.08505154639175258 1.0
46 0.6881443298969072 0.5 0.08505154639175258 1.0
40 0.7654639175257731 0.5 0.08505154639175258 1.0
41 0.8427835051546392 0.5 0.08505154639175258 1.0
59 0.9020618556701031 0.5 0.04536082474226805 1.0
44 0.9574742268041238 0.5 0.08505154639175258 1.0
