60 0.038650306748466264 0.5 0.07730061349693253 1.0
44 0.1196319018404908 0.5 0.10122699386503067 1.0
42 0.2116564417177914 0.5 0.10122699386503067 1.0
49 0.30368098159509205 0.5 0.10122699386503067 1.0
45 0.39570552147239263 0.5 0.10122699386503067 1.0
48 0.48773006134969327 0.5 0.10122699386503067 1.0
58 0.558282208588957 0.5 0.0539877300613497 1.0
52 0.6288343558282208 0.5 0.10122699386503067 1.0
40 0.7208588957055214 0.5 0.10122699386503067 1.0
41 0.8128834355828221 0.5 0.10122699386503067 1.0
59 0.8834355828220858 0.5 0.0539877300613497 1.0
44 0.9493865030674846 0.5 0.10122699386503067 1.0
