24 0.0723053892215569 0.5 0.1446107784431138 1.0
42 0.18263473053892215 0.5 0.09880239520958084 1.0
42 0.2724550898203593 0.5 0.09880239520958084 1.0
40 0.36227544910179643 0.5 0.09880239520958084 1.0
52 0.45209580838323354 0.5 0.09880239520958084 1.0
58 0.5209580838323353 0.5 0.05269461077844312 1.0
49 0.5898203592814371 0.5 0.09880239520958084 1.0
48 0.6796407185628742 0.5 0.09880239520958084 1.0
40 0.7694610778443114 0.5 0.09880239520958084 1.0
59 0.8383233532934131 0.5 0.05269461077844312 1.0
59 0.8862275449101796 0.5 0.05269461077844312 1.0
56 0.9505988023952096 0.5 0.09880239520958084 1.0
