44 0.0521523178807947 0.5 0.1043046357615894 1.0
53 0.14900662251655628 0.5 0.10927152317880795 1.0
50 0.24834437086092714 0.5 0.10927152317880795 1.0
46 0.34768211920529796 0.5 0.10927152317880795 1.0
40 0.4470198675496688 0.5 0.10927152317880795 1.0
53 0.5463576158940397 0.5 0.10927152317880795 1.0
52 0.6456953642384106 0.5 0.10927152317880795 1.0
58 0.7218543046357616 0.5 0.05827814569536424 1.0
58 0.7748344370860927 0.5 0.05827814569536424 1.0
43 0.8509933774834437 0.5 0.10927152317880795 1.0
52 0.945364238410596 0.5 0.10927152317880795 1.0
