58 0.02763157894736842 0.5 0.05526315789473684 1.0
48 0.10197368421052631 0.5 0.10855263157894737 1.0
61 0.1907894736842105 0.5 0.0868421052631579 1.0
44 0.27960526315789475 0.5 0.10855263157894737 1.0
60 0.368421052631579 0.5 0.0868421052631579 1.0
42 0.45723684210526316 0.5 0.10855263157894737 1.0
46 0.5559210526315789 0.5 0.10855263157894737 1.0
40 0.6546052631578947 0.5 0.10855263157894737 1.0
48 0.7532894736842105 0.5 0.10855263157894737 1.0
45 0.8519736842105262 0.5 0.10855263157894737 1.0
44 0.9457236842105263 0.5 0.10855263157894737 1.0
