52 0.042798913043478264 0.5 0.08559782608695653 1.0
53 0.12228260869565218 0.5 0.08967391304347827 1.0
41 0.20380434782608697 0.5 0.08967391304347827 1.0
37 0.28532608695652173 0.5 0.08967391304347827 1.0
48 0.36684782608695654 0.5 0.08967391304347827 1.0
49 0.44836956521739135 0.5 0.08967391304347827 1.0
60 0.5217391304347826 0.5 0.07173913043478261 1.0
64 0.6195652173913043 0.5 0.14347826086956522 1.0
40 0.7255434782608696 0.5 0.08967391304347827 1.0
59 0.7880434782608695 0.5 0.04782608695652174 1.0
58 0.8315217391304348 0.5 0.04782608695652174 1.0
61 0.8858695652173914 0.5 0.07173913043478261 1.0
56 0.9551630434782609 0.5 0.08967391304347827 1.0
