46 0.057904411764705885 0.5 0.11580882352941177 1.0
44 0.16544117647058823 0.5 0.12132352941176472 1.0
44 0.2757352941176471 0.5 0.12132352941176472 1.0
43 0.38602941176470584 0.5 0.12132352941176472 1.0
59 0.47058823529411764 0.5 0.06470588235294118 1.0
44 0.5551470588235294 0.5 0.12132352941176472 1.0
52 0.6654411764705882 0.5 0.12132352941176472 1.0
52 0.7757352941176471 0.5 0.12132352941176472 1.0
59 0.8602941176470588 0.5 0.06470588235294118 1.0
56 0.9393382352941176 0.5 0.12132352941176472 1.0
