63 0.04565217391304348 0.5 0.09130434782608696 1.0
59 0.11594202898550725 0.5 0.063768115942029 1.0
49 0.19927536231884058 0.5 0.11956521739130435 1.0
53 0.30797101449275366 0.5 0.11956521739130435 1.0
60 0.4057971014492754 0.5 0.09565217391304348 1.0
58 0.4782608695652174 0.5 0.063768115942029 1.0
52 0.5615942028985508 0.5 0.11956521739130435 1.0
46 0.6702898550724637 0.5 0.11956521739130435 1.0
58 0.7536231884057971 0.5 0.063768115942029 1.0
48 0.8369565217391305 0.5 0.11956521739130435 1.0
45 0.9402173913043478 0.5 0.11956521739130435 1.0
