42 0.04984177215189874 0.5 0.09968354430379749 1.0
49 0.14240506329113925 0.5 0.10443037974683546 1.0
64 0.2658227848101266 0.5 0.16708860759493674 1.0
63 0.379746835443038 0.5 0.08354430379746837 1.0
49 0.46518987341772156 0.5 0.10443037974683546 1.0
60 0.5506329113924051 0.5 0.08354430379746837 1.0
61 0.6265822784810127 0.5 0.08354430379746837 1.0
40 0.7120253164556962 0.5 0.10443037974683546 1.0
41 0.8069620253164558 0.5 0.10443037974683546 1.0
59 0.879746835443038 0.5 0.055696202531645575 1.0
44 0.9477848101265822 0.5 0.10443037974683546 1.0
