64 0.08025477707006369 0.5 0.16050955414012738 1.0
40 0.20063694267515925 0.5 0.1050955414012739 1.0
48 0.2961783439490446 0.5 0.1050955414012739 1.0
58 0.3694267515923567 0.5 0.05605095541401275 1.0
50 0.4426751592356688 0.5 0.1050955414012739 1.0
53 0.5382165605095541 0.5 0.1050955414012739 1.0
59 0.6114649681528662 0.5 0.05605095541401275 1.0
40 0.6847133757961784 0.5 0.1050955414012739 1.0
61 0.7707006369426752 0.5 0.08407643312101912 1.0
44 0.856687898089172 0.5 0.1050955414012739 1.0
43 0.947452229299363 0.5 0.1050955414012739 1.0
