58 0.02709677419354839 0.5 0.05419354838709678 1.0
48 0.1 0.5 0.10645161290322581 1.0
61 0.18709677419354837 0.5 0.08516129032258066 1.0
58 0.25161290322580643 0.5 0.0567741935483871 1.0
64 0.3548387096774194 0.5 0.17032258064516131 1.0
58 0.45806451612903226 0.5 0.0567741935483871 1.0
43 0.532258064516129 0.5 0.10645161290322581 1.0
40 0.6290322580645161 0.5 0.10645161290322581 1.0
61 0.7161290322580645 0.5 0.08516129032258066 1.0
58 0.7806451612903226 0.5 0.0567741935483871 1.0
48 0.8548387096774193 0.5 0.10645161290322581 1.0
45 0.9467741935483871 0.5 0.10645161290322581 1.0
