13 0.07362804878048781 0.5 0.14725609756097563 1.0
64 0.2134146341463415 0.5 0.16097560975609757 1.0
41 0.3323170731707317 0.5 0.10060975609756098 1.0
40 0.42378048780487804 0.5 0.10060975609756098 1.0
52 0.5152439024390244 0.5 0.10060975609756098 1.0
52 0.6067073170731708 0.5 0.10060975609756098 1.0
40 0.6981707317073171 0.5 0.10060975609756098 1.0
43 0.7896341463414634 0.5 0.10060975609756098 1.0
49 0.8810975609756098 0.5 0.10060975609756098 1.0
60 0.9597560975609756 0.5 0.08048780487804878 1.0
