64 0.09618320610687023 0.5 0.19236641221374046 1.0
49 0.24045801526717558 0.5 0.12595419847328246 1.0
41 0.3549618320610687 0.5 0.12595419847328246 1.0
58 0.44274809160305345 0.5 0.06717557251908397 1.0
59 0.5038167938931298 0.5 0.06717557251908397 1.0
58 0.5648854961832062 0.5 0.06717557251908397 1.0
52 0.6526717557251909 0.5 0.12595419847328246 1.0
58 0.7404580152671756 0.5 0.06717557251908397 1.0
48 0.8282442748091603 0.5 0.12595419847328246 1.0
45 0.9370229007633588 0.5 0.12595419847328246 1.0
