43 0.04659763313609468 0.5 0.09319526627218935 1.0
44 0.1331360946745562 0.5 0.09763313609467456 1.0
61 0.21301775147928992 0.5 0.07810650887573965 1.0
44 0.29289940828402367 0.5 0.09763313609467456 1.0
60 0.3727810650887574 0.5 0.07810650887573965 1.0
58 0.4319526627218935 0.5 0.05207100591715977 1.0
49 0.5 0.5 0.09763313609467456 1.0
60 0.5798816568047337 0.5 0.07810650887573965 1.0
40 0.6597633136094675 0.5 0.09763313609467456 1.0
61 0.7396449704142011 0.5 0.07810650887573965 1.0
58 0.7988165680473372 0.5 0.05207100591715977 1.0
49 0.8668639053254438 0.5 0.09763313609467456 1.0
48 0.9511834319526628 0.5 0.09763313609467456 1.0
