52 0.0369718309859155 0.5 0.073943661971831 1.0
64 0.1267605633802817 0.5 0.123943661971831 1.0
49 0.2183098591549296 0.5 0.07746478873239437 1.0
49 0.2887323943661972 0.5 0.07746478873239437 1.0
61 0.35211267605633806 0.5 0.0619718309859155 1.0
46 0.4154929577464789 0.5 0.07746478873239437 1.0
37 0.4859154929577465 0.5 0.07746478873239437 1.0
61 0.5492957746478873 0.5 0.0619718309859155 1.0
49 0.6126760563380281 0.5 0.07746478873239437 1.0
48 0.6830985915492958 0.5 0.07746478873239437 1.0
45 0.7535211267605634 0.5 0.07746478873239437 1.0
53 0.823943661971831 0.5 0.07746478873239437 1.0
44 0.8943661971830986 0.5 0.07746478873239437 1.0
43 0.9612676056338028 0.5 0.07746478873239437 1.0
