17 0.05439189189189189 0.5 0.10878378378378378 1.0
31 0.1554054054054054 0.5 0.11396396396396397 1.0
17 0.25900900900900903 0.5 0.11396396396396397 1.0
27 0.3626126126126126 0.5 0.11396396396396397 1.0
33 0.46621621621621623 0.5 0.11396396396396397 1.0
29 0.5698198198198199 0.5 0.11396396396396397 1.0
20 0.6734234234234234 0.5 0.11396396396396397 1.0
35 0.7590090090090089 0.5 0.07432432432432433 1.0
23 0.8445945945945946 0.5 0.11396396396396397 1.0
19 0.943018018018018 0.5 0.11396396396396397 1.0
