44 0.0521523178807947 0.5 0.1043046357615894 1.0
55 0.14900662251655628 0.5 0.10927152317880795 1.0
42 0.24834437086092714 0.5 0.10927152317880795 1.0
44 0.34768211920529796 0.5 0.10927152317880795 1.0
44 0.4470198675496688 0.5 0.10927152317880795 1.0
43 0.5463576158940397 0.5 0.10927152317880795 1.0
58 0.6225165562913907 0.5 0.05827814569536424 1.0
48 0.6986754966887417 0.5 0.10927152317880795 1.0
45 0.7980132450331126 0.5 0.10927152317880795 1.0
59 0.8741721854304636 0.5 0.05827814569536424 1.0
56 0.945364238410596 0.5 0.10927152317880795 1.0
