61 0.043448275862068966 0.5 0.08689655172413793 1.0
40 0.13448275862068965 0.5 0.11379310344827587 1.0
41 0.2379310344827586 0.5 0.11379310344827587 1.0
59 0.31724137931034485 0.5 0.0606896551724138 1.0
44 0.39655172413793105 0.5 0.11379310344827587 1.0
42 0.5 0.5 0.11379310344827587 1.0
59 0.5793103448275863 0.5 0.0606896551724138 1.0
49 0.6586206896551724 0.5 0.11379310344827587 1.0
61 0.7517241379310344 0.5 0.0910344827586207 1.0
46 0.8448275862068966 0.5 0.11379310344827587 1.0
52 0.943103448275862 0.5 0.11379310344827587 1.0
