28 0.05538990825688074 0.5 0.11077981651376148 1.0
49 0.13990825688073394 0.5 0.07568807339449542 1.0
53 0.20871559633027525 0.5 0.07568807339449542 1.0
50 0.2775229357798165 0.5 0.07568807339449542 1.0
46 0.34633027522935783 0.5 0.07568807339449542 1.0
40 0.41513761467889915 0.5 0.07568807339449542 1.0
48 0.4839449541284404 0.5 0.07568807339449542 1.0
48 0.5527522935779816 0.5 0.07568807339449542 1.0
49 0.6215596330275229 0.5 0.07568807339449542 1.0
53 0.6903669724770642 0.5 0.07568807339449542 1.0
54 0.7591743119266056 0.5 0.07568807339449542 1.0
49 0.8279816513761468 0.5 0.07568807339449542 1.0
48 0.8967889908256881 0.5 0.07568807339449542 1.0
45 0.9621559633027523 0.5 0.07568807339449542 1.0
