15 0.045055970149253735 0.5 0.09011194029850747 1.0
49 0.11380597014925373 0.5 0.06156716417910448 1.0
64 0.18656716417910446 0.5 0.09850746268656717 1.0
64 0.27611940298507465 0.5 0.09850746268656717 1.0
58 0.33582089552238803 0.5 0.03283582089552239 1.0
61 0.373134328358209 0.5 0.049253731343283584 1.0
61 0.417910447761194 0.5 0.049253731343283584 1.0
44 0.46828358208955223 0.5 0.06156716417910448 1.0
44 0.5242537313432836 0.5 0.06156716417910448 1.0
37 0.580223880597015 0.5 0.06156716417910448 1.0
64 0.6529850746268657 0.5 0.09850746268656717 1.0
44 0.7257462686567164 0.5 0.06156716417910448 1.0
64 0.7985074626865671 0.5 0.09850746268656717 1.0
41 0.871268656716418 0.5 0.06156716417910448 1.0
44 0.9272388059701493 0.5 0.06156716417910448 1.0
60 0.9753731343283583 0.5 0.049253731343283584 1.0
