58 0.025609756097560978 0.5 0.051219512195121955 1.0
48 0.09451219512195122 0.5 0.10060975609756098 1.0
52 0.18597560975609756 0.5 0.10060975609756098 1.0
44 0.27743902439024387 0.5 0.10060975609756098 1.0
48 0.36890243902439024 0.5 0.10060975609756098 1.0
52 0.46036585365853655 0.5 0.10060975609756098 1.0
58 0.5304878048780488 0.5 0.05365853658536586 1.0
61 0.5914634146341464 0.5 0.08048780487804878 1.0
58 0.6524390243902439 0.5 0.05365853658536586 1.0
54 0.7225609756097561 0.5 0.10060975609756098 1.0
44 0.8140243902439025 0.5 0.10060975609756098 1.0
59 0.8841463414634146 0.5 0.05365853658536586 1.0
56 0.9496951219512195 0.5 0.10060975609756098 1.0
