49 0.03579545454545455 0.5 0.0715909090909091 1.0
48 0.10227272727272727 0.5 0.075 1.0
42 0.17045454545454544 0.5 0.075 1.0
44 0.23863636363636362 0.5 0.075 1.0
37 0.30681818181818177 0.5 0.075 1.0
40 0.375 0.5 0.075 1.0
48 0.4431818181818181 0.5 0.075 1.0
43 0.5113636363636364 0.5 0.075 1.0
37 0.5795454545454545 0.5 0.075 1.0
63 0.6409090909090908 0.5 0.060000000000000005 1.0
49 0.7022727272727272 0.5 0.075 1.0
60 0.7636363636363636 0.5 0.060000000000000005 1.0
37 0.825 0.5 0.075 1.0
40 0.8931818181818181 0.5 0.075 1.0
59 0.9454545454545454 0.5 0.04 1.0
59 0.98 0.5 0.04 1.0
