58 0.030656934306569343 0.5 0.061313868613138686 1.0
48 0.11313868613138686 0.5 0.12043795620437958 1.0
43 0.22262773722627738 0.5 0.12043795620437958 1.0
58 0.30656934306569344 0.5 0.06423357664233577 1.0
54 0.3905109489051095 0.5 0.12043795620437958 1.0
58 0.4744525547445256 0.5 0.06423357664233577 1.0
43 0.5583941605839416 0.5 0.12043795620437958 1.0
53 0.6678832116788321 0.5 0.12043795620437958 1.0
40 0.7773722627737226 0.5 0.12043795620437958 1.0
59 0.8613138686131386 0.5 0.06423357664233577 1.0
52 0.9397810218978102 0.5 0.12043795620437958 1.0
