17 0.0706140350877193 0.5 0.1412280701754386 1.0
52 0.1783625730994152 0.5 0.09649122807017545 1.0
42 0.26608187134502925 0.5 0.09649122807017545 1.0
40 0.3538011695906432 0.5 0.09649122807017545 1.0
50 0.4415204678362573 0.5 0.09649122807017545 1.0
49 0.5292397660818713 0.5 0.09649122807017545 1.0
59 0.5964912280701754 0.5 0.05146198830409357 1.0
49 0.6637426900584795 0.5 0.09649122807017545 1.0
45 0.7514619883040935 0.5 0.09649122807017545 1.0
58 0.8187134502923976 0.5 0.05146198830409357 1.0
52 0.8859649122807017 0.5 0.09649122807017545 1.0
61 0.9614035087719298 0.5 0.07719298245614035 1.0
