16 0.075 0.5 0.15 1.0
58 0.16770186335403725 0.5 0.0546583850931677 1.0
59 0.21739130434782605 0.5 0.0546583850931677 1.0
59 0.2670807453416149 0.5 0.0546583850931677 1.0
37 0.3385093167701863 0.5 0.10248447204968944 1.0
27 0.4565217391304347 0.5 0.15714285714285714 1.0
53 0.5745341614906833 0.5 0.10248447204968944 1.0
52 0.6677018633540373 0.5 0.10248447204968944 1.0
52 0.7608695652173912 0.5 0.10248447204968944 1.0
44 0.8540372670807453 0.5 0.10248447204968944 1.0
59 0.9254658385093167 0.5 0.0546583850931677 1.0
59 0.9726708074534162 0.5 0.0546583850931677 1.0
