64 0.08181818181818182 0.5 0.16363636363636364 1.0
40 0.20454545454545453 0.5 0.10714285714285715 1.0
45 0.30194805194805197 0.5 0.10714285714285715 1.0
48 0.39935064935064934 0.5 0.10714285714285715 1.0
58 0.474025974025974 0.5 0.05714285714285715 1.0
63 0.538961038961039 0.5 0.08571428571428572 1.0
58 0.6038961038961039 0.5 0.05714285714285715 1.0
42 0.6785714285714286 0.5 0.10714285714285715 1.0
44 0.775974025974026 0.5 0.10714285714285715 1.0
48 0.8733766233766234 0.5 0.10714285714285715 1.0
61 0.9571428571428572 0.5 0.08571428571428572 1.0
