39 0.11567796610169492 0.5 0.23135593220338985 1.0
40 0.2627118644067796 0.5 0.09322033898305085 1.0
48 0.34745762711864403 0.5 0.09322033898305085 1.0
43 0.43220338983050843 0.5 0.09322033898305085 1.0
52 0.5169491525423728 0.5 0.09322033898305085 1.0
65 0.6271186440677966 0.5 0.14915254237288136 1.0
49 0.7372881355932203 0.5 0.09322033898305085 1.0
60 0.8135593220338982 0.5 0.07457627118644068 1.0
61 0.8813559322033898 0.5 0.07457627118644068 1.0
46 0.9533898305084746 0.5 0.09322033898305085 1.0
