64 0.08873239436619719 0.5 0.17746478873239438 1.0
40 0.22183098591549294 0.5 0.11619718309859156 1.0
58 0.3028169014084507 0.5 0.0619718309859155 1.0
48 0.38380281690140844 0.5 0.11619718309859156 1.0
61 0.4788732394366197 0.5 0.09295774647887324 1.0
40 0.573943661971831 0.5 0.11619718309859156 1.0
58 0.6549295774647886 0.5 0.0619718309859155 1.0
48 0.7359154929577465 0.5 0.11619718309859156 1.0
44 0.8415492957746479 0.5 0.11619718309859156 1.0
43 0.9419014084507042 0.5 0.11619718309859156 1.0
