42 0.05706521739130435 0.5 0.1141304347826087 1.0
49 0.16304347826086957 0.5 0.11956521739130435 1.0
48 0.2717391304347826 0.5 0.11956521739130435 1.0
61 0.3695652173913043 0.5 0.09565217391304348 1.0
60 0.4565217391304348 0.5 0.09565217391304348 1.0
49 0.5543478260869565 0.5 0.11956521739130435 1.0
59 0.6376811594202899 0.5 0.063768115942029 1.0
59 0.6956521739130435 0.5 0.063768115942029 1.0
58 0.7536231884057971 0.5 0.063768115942029 1.0
48 0.8369565217391305 0.5 0.11956521739130435 1.0
45 0.9402173913043478 0.5 0.11956521739130435 1.0
