18 0.074079754601227 0.5 0.148159509202454 1.0
60 0.17791411042944785 0.5 0.08098159509202456 1.0
40 0.2607361963190184 0.5 0.10122699386503067 1.0
48 0.35276073619631904 0.5 0.10122699386503067 1.0
42 0.4447852760736196 0.5 0.10122699386503067 1.0
44 0.5368098159509203 0.5 0.10122699386503067 1.0
52 0.6288343558282208 0.5 0.10122699386503067 1.0
42 0.7208588957055214 0.5 0.10122699386503067 1.0
49 0.8128834355828221 0.5 0.10122699386503067 1.0
2 0.8834355828220858 0.5 0.0539877300613497 1.0
52 0.9493865030674846 0.5 0.10122699386503067 1.0
