39 0.13295454545454544 0.5 0.2659090909090909 1.0
46 0.3019480519480519 0.5 0.10714285714285715 1.0
58 0.37662337662337664 0.5 0.05714285714285715 1.0
61 0.44155844155844154 0.5 0.08571428571428572 1.0
52 0.5292207792207793 0.5 0.10714285714285715 1.0
61 0.6168831168831169 0.5 0.08571428571428572 1.0
40 0.7045454545454545 0.5 0.10714285714285715 1.0
41 0.801948051948052 0.5 0.10714285714285715 1.0
59 0.8766233766233766 0.5 0.05714285714285715 1.0
44 0.9464285714285714 0.5 0.10714285714285715 1.0
