43 0.05545774647887324 0.5 0.11091549295774648 1.0
49 0.15845070422535212 0.5 0.11619718309859156 1.0
64 0.29577464788732394 0.5 0.18591549295774648 1.0
58 0.4084507042253521 0.5 0.0619718309859155 1.0
48 0.4894366197183098 0.5 0.11619718309859156 1.0
40 0.5950704225352113 0.5 0.11619718309859156 1.0
61 0.6901408450704225 0.5 0.09295774647887324 1.0
58 0.7605633802816901 0.5 0.0619718309859155 1.0
49 0.8415492957746479 0.5 0.11619718309859156 1.0
48 0.9419014084507042 0.5 0.11619718309859156 1.0
