60 0.040645161290322585 0.5 0.08129032258064517 1.0
44 0.12580645161290321 0.5 0.10645161290322581 1.0
61 0.2129032258064516 0.5 0.08516129032258066 1.0
58 0.27741935483870966 0.5 0.0567741935483871 1.0
60 0.3419354838709677 0.5 0.08516129032258066 1.0
44 0.42903225806451617 0.5 0.10645161290322581 1.0
64 0.5548387096774193 0.5 0.17032258064516131 1.0
44 0.6806451612903226 0.5 0.10645161290322581 1.0
48 0.7774193548387096 0.5 0.10645161290322581 1.0
61 0.864516129032258 0.5 0.08516129032258066 1.0
52 0.9467741935483871 0.5 0.10645161290322581 1.0
