59 0.0267515923566879 0.5 0.0535031847133758 1.0
40 0.09872611464968153 0.5 0.1050955414012739 1.0
41 0.1942675159235669 0.5 0.1050955414012739 1.0
49 0.2898089171974522 0.5 0.1050955414012739 1.0
60 0.37579617834394907 0.5 0.08407643312101912 1.0
40 0.46178343949044587 0.5 0.1050955414012739 1.0
61 0.5477707006369427 0.5 0.08407643312101912 1.0
49 0.6337579617834395 0.5 0.1050955414012739 1.0
60 0.7197452229299364 0.5 0.08407643312101912 1.0
58 0.7834394904458599 0.5 0.05605095541401275 1.0
44 0.856687898089172 0.5 0.1050955414012739 1.0
52 0.947452229299363 0.5 0.1050955414012739 1.0
