44 0.058333333333333334 0.5 0.11666666666666667 1.0
63 0.15555555555555556 0.5 0.09777777777777778 1.0
63 0.24444444444444446 0.5 0.09777777777777778 1.0
58 0.3185185185185185 0.5 0.0651851851851852 1.0
42 0.4037037037037037 0.5 0.12222222222222223 1.0
58 0.4888888888888889 0.5 0.0651851851851852 1.0
44 0.5740740740740741 0.5 0.12222222222222223 1.0
48 0.6851851851851852 0.5 0.12222222222222223 1.0
61 0.7851851851851851 0.5 0.09777777777777778 1.0
59 0.8592592592592593 0.5 0.0651851851851852 1.0
56 0.9388888888888889 0.5 0.12222222222222223 1.0
