58 0.023333333333333334 0.5 0.04666666666666667 1.0
48 0.08611111111111111 0.5 0.09166666666666667 1.0
43 0.16944444444444443 0.5 0.09166666666666667 1.0
44 0.25277777777777777 0.5 0.09166666666666667 1.0
52 0.33611111111111114 0.5 0.09166666666666667 1.0
61 0.4111111111111111 0.5 0.07333333333333333 1.0
60 0.47777777777777775 0.5 0.07333333333333333 1.0
53 0.5527777777777777 0.5 0.09166666666666667 1.0
42 0.6361111111111111 0.5 0.09166666666666667 1.0
61 0.711111111111111 0.5 0.07333333333333333 1.0
58 0.7666666666666667 0.5 0.04888888888888889 1.0
41 0.8305555555555555 0.5 0.09166666666666667 1.0
59 0.8944444444444445 0.5 0.04888888888888889 1.0
44 0.9541666666666666 0.5 0.09166666666666667 1.0
