64 0.08076923076923077 0.5 0.16153846153846155 1.0
40 0.20192307692307693 0.5 0.10576923076923078 1.0
52 0.2980769230769231 0.5 0.10576923076923078 1.0
51 0.3942307692307692 0.5 0.10576923076923078 1.0
53 0.4903846153846154 0.5 0.10576923076923078 1.0
44 0.5865384615384617 0.5 0.10576923076923078 1.0
60 0.6730769230769231 0.5 0.08461538461538462 1.0
40 0.7596153846153847 0.5 0.10576923076923078 1.0
43 0.8557692307692308 0.5 0.10576923076923078 1.0
44 0.9471153846153846 0.5 0.10576923076923078 1.0
