40 0.06104651162790698 0.5 0.12209302325581396 1.0
59 0.14728682170542634 0.5 0.06821705426356589 1.0
59 0.20930232558139533 0.5 0.06821705426356589 1.0
44 0.29844961240310075 0.5 0.12790697674418605 1.0
45 0.4147286821705426 0.5 0.12790697674418605 1.0
58 0.5038759689922481 0.5 0.06821705426356589 1.0
40 0.5930232558139534 0.5 0.12790697674418605 1.0
48 0.7093023255813954 0.5 0.12790697674418605 1.0
42 0.8255813953488372 0.5 0.12790697674418605 1.0
44 0.936046511627907 0.5 0.12790697674418605 1.0
