40 0.0399746192893401 0.5 0.0799492385786802 1.0
42 0.11421319796954316 0.5 0.08375634517766499 1.0
42 0.1903553299492386 0.5 0.08375634517766499 1.0
58 0.2487309644670051 0.5 0.04467005076142132 1.0
43 0.3071065989847716 0.5 0.08375634517766499 1.0
44 0.38324873096446704 0.5 0.08375634517766499 1.0
48 0.4593908629441625 0.5 0.08375634517766499 1.0
61 0.5279187817258884 0.5 0.06700507614213198 1.0
37 0.5964467005076142 0.5 0.08375634517766499 1.0
50 0.6725888324873097 0.5 0.08375634517766499 1.0
60 0.7411167512690355 0.5 0.06700507614213198 1.0
49 0.8096446700507616 0.5 0.08375634517766499 1.0
48 0.8857868020304569 0.5 0.08375634517766499 1.0
44 0.9581218274111675 0.5 0.08375634517766499 1.0
