58 0.029577464788732397 0.5 0.05915492957746479 1.0
64 0.14084507042253522 0.5 0.18591549295774648 1.0
50 0.27816901408450706 0.5 0.11619718309859156 1.0
40 0.38380281690140844 0.5 0.11619718309859156 1.0
61 0.4788732394366197 0.5 0.09295774647887324 1.0
58 0.5492957746478873 0.5 0.0619718309859155 1.0
44 0.6302816901408451 0.5 0.11619718309859156 1.0
48 0.7359154929577465 0.5 0.11619718309859156 1.0
42 0.8415492957746479 0.5 0.11619718309859156 1.0
44 0.9419014084507042 0.5 0.11619718309859156 1.0
