50 0.060576923076923084 0.5 0.12115384615384617 1.0
44 0.17307692307692307 0.5 0.12692307692307694 1.0
60 0.27692307692307694 0.5 0.10153846153846155 1.0
50 0.3807692307692308 0.5 0.12692307692307694 1.0
59 0.46923076923076923 0.5 0.0676923076923077 1.0
44 0.5576923076923077 0.5 0.12692307692307694 1.0
55 0.6730769230769231 0.5 0.12692307692307694 1.0
58 0.7615384615384616 0.5 0.0676923076923077 1.0
61 0.8384615384615386 0.5 0.10153846153846155 1.0
56 0.9365384615384615 0.5 0.12692307692307694 1.0
