42 0.04017857142857143 0.5 0.08035714285714286 1.0
49 0.11479591836734694 0.5 0.08418367346938777 1.0
64 0.2142857142857143 0.5 0.1346938775510204 1.0
64 0.336734693877551 0.5 0.1346938775510204 1.0
53 0.4362244897959184 0.5 0.08418367346938777 1.0
48 0.5127551020408163 0.5 0.08418367346938777 1.0
58 0.5714285714285714 0.5 0.044897959183673466 1.0
42 0.6301020408163265 0.5 0.08418367346938777 1.0
40 0.7066326530612245 0.5 0.08418367346938777 1.0
61 0.7755102040816327 0.5 0.0673469387755102 1.0
58 0.826530612244898 0.5 0.044897959183673466 1.0
49 0.885204081632653 0.5 0.08418367346938777 1.0
48 0.9579081632653061 0.5 0.08418367346938777 1.0
