60 0.04598540145985402 0.5 0.09197080291970804 1.0
44 0.14233576642335766 0.5 0.12043795620437958 1.0
52 0.2518248175182482 0.5 0.12043795620437958 1.0
50 0.3613138686131387 0.5 0.12043795620437958 1.0
44 0.47080291970802923 0.5 0.12043795620437958 1.0
42 0.5802919708029197 0.5 0.12043795620437958 1.0
61 0.6788321167883211 0.5 0.09635036496350366 1.0
58 0.7518248175182481 0.5 0.06423357664233577 1.0
48 0.8357664233576643 0.5 0.12043795620437958 1.0
45 0.9397810218978102 0.5 0.12043795620437958 1.0
