61 0.04228187919463087 0.5 0.08456375838926174 1.0
46 0.1308724832214765 0.5 0.11073825503355705 1.0
44 0.23154362416107382 0.5 0.11073825503355705 1.0
64 0.3624161073825503 0.5 0.17718120805369128 1.0
52 0.4932885906040268 0.5 0.11073825503355705 1.0
44 0.5939597315436241 0.5 0.11073825503355705 1.0
59 0.6711409395973154 0.5 0.059060402684563765 1.0
54 0.7483221476510067 0.5 0.11073825503355705 1.0
44 0.848993288590604 0.5 0.11073825503355705 1.0
52 0.9446308724832215 0.5 0.11073825503355705 1.0
