43 0.04350828729281768 0.5 0.08701657458563536 1.0
58 0.10497237569060773 0.5 0.04861878453038674 1.0
63 0.16022099447513813 0.5 0.07292817679558011 1.0
63 0.2265193370165746 0.5 0.07292817679558011 1.0
44 0.3011049723756906 0.5 0.09116022099447514 1.0
60 0.37569060773480667 0.5 0.07292817679558011 1.0
44 0.4502762430939226 0.5 0.09116022099447514 1.0
48 0.5331491712707181 0.5 0.09116022099447514 1.0
61 0.6077348066298343 0.5 0.07292817679558011 1.0
58 0.6629834254143645 0.5 0.04861878453038674 1.0
40 0.7265193370165746 0.5 0.09116022099447514 1.0
61 0.8011049723756906 0.5 0.07292817679558011 1.0
44 0.8756906077348066 0.5 0.09116022099447514 1.0
43 0.9544198895027625 0.5 0.09116022099447514 1.0
