64 0.07974683544303798 0.5 0.15949367088607597 1.0
49 0.19936708860759494 0.5 0.10443037974683546 1.0
41 0.29430379746835444 0.5 0.10443037974683546 1.0
58 0.3670886075949368 0.5 0.055696202531645575 1.0
59 0.41772151898734183 0.5 0.055696202531645575 1.0
58 0.4683544303797469 0.5 0.055696202531645575 1.0
52 0.5411392405063291 0.5 0.10443037974683546 1.0
40 0.6360759493670887 0.5 0.10443037974683546 1.0
61 0.7215189873417721 0.5 0.08354430379746837 1.0
58 0.7848101265822786 0.5 0.055696202531645575 1.0
49 0.8575949367088608 0.5 0.10443037974683546 1.0
48 0.9477848101265822 0.5 0.10443037974683546 1.0
