50 0.04659763313609468 0.5 0.09319526627218935 1.0
60 0.1242603550295858 0.5 0.07810650887573965 1.0
49 0.20414201183431951 0.5 0.09763313609467456 1.0
42 0.29289940828402367 0.5 0.09763313609467456 1.0
59 0.3609467455621302 0.5 0.05207100591715977 1.0
40 0.42899408284023666 0.5 0.09763313609467456 1.0
64 0.5443786982248521 0.5 0.1562130177514793 1.0
40 0.6597633136094675 0.5 0.09763313609467456 1.0
61 0.7396449704142011 0.5 0.07810650887573965 1.0
58 0.7988165680473372 0.5 0.05207100591715977 1.0
49 0.8668639053254438 0.5 0.09763313609467456 1.0
48 0.9511834319526628 0.5 0.09763313609467456 1.0
