7 0.042798913043478264 0.5 0.08559782608695653 1.0
44 0.12228260869565218 0.5 0.08967391304347827 1.0
64 0.2282608695652174 0.5 0.14347826086956522 1.0
44 0.3342391304347826 0.5 0.08967391304347827 1.0
48 0.4157608695652174 0.5 0.08967391304347827 1.0
61 0.4891304347826087 0.5 0.07173913043478261 1.0
40 0.5625 0.5 0.08967391304347827 1.0
59 0.625 0.5 0.04782608695652174 1.0
40 0.6875 0.5 0.08967391304347827 1.0
61 0.7608695652173914 0.5 0.07173913043478261 1.0
58 0.8152173913043478 0.5 0.04782608695652174 1.0
48 0.8777173913043478 0.5 0.08967391304347827 1.0
45 0.9551630434782609 0.5 0.08967391304347827 1.0
