47 0.050806451612903224 0.5 0.10161290322580645 1.0
48 0.14516129032258063 0.5 0.10645161290322581 1.0
58 0.21935483870967742 0.5 0.0567741935483871 1.0
63 0.2838709677419355 0.5 0.08516129032258066 1.0
44 0.3709677419354839 0.5 0.10645161290322581 1.0
37 0.467741935483871 0.5 0.10645161290322581 1.0
44 0.564516129032258 0.5 0.10645161290322581 1.0
43 0.6612903225806451 0.5 0.10645161290322581 1.0
45 0.7580645161290323 0.5 0.10645161290322581 1.0
44 0.8548387096774193 0.5 0.10645161290322581 1.0
43 0.9467741935483871 0.5 0.10645161290322581 1.0
