60 0.03461538461538462 0.5 0.06923076923076923 1.0
44 0.10714285714285715 0.5 0.09065934065934067 1.0
42 0.18956043956043955 0.5 0.09065934065934067 1.0
44 0.271978021978022 0.5 0.09065934065934067 1.0
50 0.3543956043956044 0.5 0.09065934065934067 1.0
61 0.42857142857142855 0.5 0.07252747252747253 1.0
58 0.4835164835164835 0.5 0.04835164835164836 1.0
54 0.5467032967032966 0.5 0.09065934065934067 1.0
44 0.6291208791208791 0.5 0.09065934065934067 1.0
48 0.7115384615384615 0.5 0.09065934065934067 1.0
44 0.7939560439560439 0.5 0.09065934065934067 1.0
52 0.8763736263736264 0.5 0.09065934065934067 1.0
52 0.9546703296703296 0.5 0.09065934065934067 1.0
