44 0.04188829787234043 0.5 0.08377659574468085 1.0
64 0.14361702127659576 0.5 0.14042553191489363 1.0
50 0.24734042553191488 0.5 0.08776595744680853 1.0
61 0.3191489361702128 0.5 0.07021276595744681 1.0
56 0.39095744680851063 0.5 0.08776595744680853 1.0
37 0.4707446808510638 0.5 0.08776595744680853 1.0
64 0.5744680851063829 0.5 0.14042553191489363 1.0
58 0.6595744680851064 0.5 0.04680851063829788 1.0
48 0.7207446808510638 0.5 0.08776595744680853 1.0
43 0.800531914893617 0.5 0.08776595744680853 1.0
44 0.8803191489361702 0.5 0.08776595744680853 1.0
43 0.9561170212765957 0.5 0.08776595744680853 1.0
