64 0.08873239436619719 0.5 0.17746478873239438 1.0
40 0.22183098591549294 0.5 0.11619718309859156 1.0
60 0.3169014084507042 0.5 0.09295774647887324 1.0
54 0.41197183098591544 0.5 0.11619718309859156 1.0
44 0.5176056338028169 0.5 0.11619718309859156 1.0
59 0.5985915492957746 0.5 0.0619718309859155 1.0
59 0.6549295774647886 0.5 0.0619718309859155 1.0
49 0.7359154929577465 0.5 0.11619718309859156 1.0
53 0.8415492957746479 0.5 0.11619718309859156 1.0
52 0.9419014084507042 0.5 0.11619718309859156 1.0
