61 0.03987341772151899 0.5 0.07974683544303798 1.0
60 0.11392405063291139 0.5 0.08354430379746837 1.0
40 0.19936708860759494 0.5 0.10443037974683546 1.0
48 0.29430379746835444 0.5 0.10443037974683546 1.0
52 0.389240506329114 0.5 0.10443037974683546 1.0
63 0.47468354430379744 0.5 0.08354430379746837 1.0
44 0.5601265822784811 0.5 0.10443037974683546 1.0
60 0.6455696202531646 0.5 0.08354430379746837 1.0
60 0.7215189873417722 0.5 0.08354430379746837 1.0
58 0.7848101265822786 0.5 0.055696202531645575 1.0
48 0.8575949367088608 0.5 0.10443037974683546 1.0
45 0.9477848101265822 0.5 0.10443037974683546 1.0
