41 0.0430327868852459 0.5 0.0860655737704918 1.0
60 0.11475409836065573 0.5 0.07213114754098361 1.0
40 0.1885245901639344 0.5 0.09016393442622951 1.0
58 0.25136612021857924 0.5 0.048087431693989074 1.0
48 0.314207650273224 0.5 0.09016393442622951 1.0
37 0.39617486338797814 0.5 0.09016393442622951 1.0
42 0.4781420765027322 0.5 0.09016393442622951 1.0
46 0.5601092896174864 0.5 0.09016393442622951 1.0
58 0.6229508196721312 0.5 0.048087431693989074 1.0
59 0.6666666666666666 0.5 0.048087431693989074 1.0
43 0.7295081967213115 0.5 0.09016393442622951 1.0
60 0.8032786885245902 0.5 0.07213114754098361 1.0
44 0.8770491803278688 0.5 0.09016393442622951 1.0
48 0.9549180327868853 0.5 0.09016393442622951 1.0
