63 0.04256756756756757 0.5 0.08513513513513514 1.0
40 0.13175675675675677 0.5 0.1114864864864865 1.0
52 0.23310810810810814 0.5 0.1114864864864865 1.0
46 0.33445945945945943 0.5 0.1114864864864865 1.0
58 0.41216216216216217 0.5 0.05945945945945947 1.0
49 0.48986486486486486 0.5 0.1114864864864865 1.0
48 0.5912162162162162 0.5 0.1114864864864865 1.0
40 0.6925675675675675 0.5 0.1114864864864865 1.0
41 0.793918918918919 0.5 0.1114864864864865 1.0
59 0.8716216216216217 0.5 0.05945945945945947 1.0
44 0.9442567567567568 0.5 0.1114864864864865 1.0
