13 0.07740384615384616 0.5 0.1548076923076923 1.0
52 0.1955128205128205 0.5 0.10576923076923078 1.0
52 0.2916666666666667 0.5 0.10576923076923078 1.0
49 0.38782051282051283 0.5 0.10576923076923078 1.0
42 0.483974358974359 0.5 0.10576923076923078 1.0
58 0.5576923076923077 0.5 0.05641025641025641 1.0
40 0.6314102564102565 0.5 0.10576923076923078 1.0
61 0.717948717948718 0.5 0.08461538461538462 1.0
58 0.782051282051282 0.5 0.05641025641025641 1.0
49 0.8557692307692308 0.5 0.10576923076923078 1.0
48 0.9471153846153846 0.5 0.10576923076923078 1.0
