17 0.07740384615384616 0.5 0.1548076923076923 1.0
43 0.1955128205128205 0.5 0.10576923076923078 1.0
53 0.2916666666666667 0.5 0.10576923076923078 1.0
42 0.38782051282051283 0.5 0.10576923076923078 1.0
40 0.483974358974359 0.5 0.10576923076923078 1.0
61 0.5705128205128205 0.5 0.08461538461538462 1.0
58 0.6346153846153847 0.5 0.05641025641025641 1.0
49 0.7083333333333334 0.5 0.10576923076923078 1.0
48 0.8044871794871795 0.5 0.10576923076923078 1.0
40 0.9006410256410258 0.5 0.10576923076923078 1.0
59 0.9717948717948718 0.5 0.05641025641025641 1.0
