65 0.08513513513513514 0.5 0.17027027027027028 1.0
49 0.21283783783783786 0.5 0.1114864864864865 1.0
60 0.30405405405405406 0.5 0.08918918918918921 1.0
61 0.3851351351351352 0.5 0.08918918918918921 1.0
46 0.47635135135135137 0.5 0.1114864864864865 1.0
65 0.6081081081081081 0.5 0.17837837837837842 1.0
46 0.7398648648648649 0.5 0.1114864864864865 1.0
58 0.8175675675675675 0.5 0.05945945945945947 1.0
59 0.8716216216216217 0.5 0.05945945945945947 1.0
44 0.9442567567567568 0.5 0.1114864864864865 1.0
