42 0.04188829787234043 0.5 0.08377659574468085 1.0
49 0.1196808510638298 0.5 0.08776595744680853 1.0
48 0.19946808510638298 0.5 0.08776595744680853 1.0
54 0.2792553191489362 0.5 0.08776595744680853 1.0
40 0.35904255319148937 0.5 0.08776595744680853 1.0
59 0.4202127659574468 0.5 0.04680851063829788 1.0
44 0.48138297872340424 0.5 0.08776595744680853 1.0
52 0.5611702127659575 0.5 0.08776595744680853 1.0
42 0.6409574468085106 0.5 0.08776595744680853 1.0
44 0.7207446808510638 0.5 0.08776595744680853 1.0
48 0.8005319148936171 0.5 0.08776595744680853 1.0
42 0.8803191489361702 0.5 0.08776595744680853 1.0
44 0.9561170212765957 0.5 0.08776595744680853 1.0
