43 0.050806451612903224 0.5 0.10161290322580645 1.0
40 0.14516129032258063 0.5 0.10645161290322581 1.0
56 0.24193548387096775 0.5 0.10645161290322581 1.0
37 0.3387096774193548 0.5 0.10645161290322581 1.0
60 0.4258064516129032 0.5 0.08516129032258066 1.0
44 0.5129032258064515 0.5 0.10645161290322581 1.0
59 0.5870967741935483 0.5 0.0567741935483871 1.0
44 0.6612903225806451 0.5 0.10645161290322581 1.0
40 0.7580645161290323 0.5 0.10645161290322581 1.0
52 0.8548387096774193 0.5 0.10645161290322581 1.0
44 0.9467741935483871 0.5 0.10645161290322581 1.0
