50 0.05015923566878981 0.5 0.10031847133757962 1.0
40 0.14331210191082805 0.5 0.1050955414012739 1.0
60 0.22929936305732485 0.5 0.08407643312101912 1.0
61 0.3057324840764331 0.5 0.08407643312101912 1.0
58 0.3694267515923567 0.5 0.05605095541401275 1.0
42 0.4426751592356688 0.5 0.1050955414012739 1.0
58 0.5159235668789809 0.5 0.05605095541401275 1.0
50 0.589171974522293 0.5 0.1050955414012739 1.0
40 0.6847133757961784 0.5 0.1050955414012739 1.0
48 0.7802547770700637 0.5 0.1050955414012739 1.0
61 0.8662420382165605 0.5 0.08407643312101912 1.0
52 0.947452229299363 0.5 0.1050955414012739 1.0
