49 0.057481751824817524 0.5 0.11496350364963505 1.0
60 0.15328467153284672 0.5 0.09635036496350366 1.0
45 0.2518248175182482 0.5 0.12043795620437958 1.0
40 0.3613138686131387 0.5 0.12043795620437958 1.0
48 0.47080291970802923 0.5 0.12043795620437958 1.0
58 0.5547445255474452 0.5 0.06423357664233577 1.0
52 0.6386861313868614 0.5 0.12043795620437958 1.0
44 0.7481751824817519 0.5 0.12043795620437958 1.0
60 0.8467153284671534 0.5 0.09635036496350366 1.0
52 0.9397810218978102 0.5 0.12043795620437958 1.0
