50 0.05285234899328859 0.5 0.10570469798657718 1.0
60 0.14093959731543623 0.5 0.08859060402684564 1.0
44 0.23154362416107382 0.5 0.11073825503355705 1.0
50 0.3322147651006711 0.5 0.11073825503355705 1.0
40 0.43288590604026844 0.5 0.11073825503355705 1.0
60 0.523489932885906 0.5 0.08859060402684564 1.0
40 0.6140939597315436 0.5 0.11073825503355705 1.0
61 0.7046979865771812 0.5 0.08859060402684564 1.0
58 0.7718120805369126 0.5 0.059060402684563765 1.0
49 0.848993288590604 0.5 0.11073825503355705 1.0
48 0.9446308724832215 0.5 0.11073825503355705 1.0
