44 0.04659763313609468 0.5 0.09319526627218935 1.0
55 0.1331360946745562 0.5 0.09763313609467456 1.0
50 0.22189349112426035 0.5 0.09763313609467456 1.0
44 0.3106508875739645 0.5 0.09763313609467456 1.0
60 0.3905325443786982 0.5 0.07810650887573965 1.0
58 0.4497041420118343 0.5 0.05207100591715977 1.0
64 0.5443786982248521 0.5 0.1562130177514793 1.0
44 0.6597633136094675 0.5 0.09763313609467456 1.0
48 0.7485207100591715 0.5 0.09763313609467456 1.0
61 0.8284023668639052 0.5 0.07810650887573965 1.0
40 0.908284023668639 0.5 0.09763313609467456 1.0
59 0.9739644970414201 0.5 0.05207100591715977 1.0
