53 0.041666666666666664 0.5 0.08333333333333333 1.0
48 0.11904761904761904 0.5 0.08730158730158731 1.0
50 0.1984126984126984 0.5 0.08730158730158731 1.0
60 0.2698412698412698 0.5 0.06984126984126984 1.0
44 0.3412698412698413 0.5 0.08730158730158731 1.0
42 0.4206349206349206 0.5 0.08730158730158731 1.0
44 0.5 0.5 0.08730158730158731 1.0
43 0.5793650793650793 0.5 0.08730158730158731 1.0
44 0.6587301587301587 0.5 0.08730158730158731 1.0
48 0.738095238095238 0.5 0.08730158730158731 1.0
61 0.8095238095238094 0.5 0.06984126984126984 1.0
44 0.8809523809523808 0.5 0.08730158730158731 1.0
43 0.9563492063492064 0.5 0.08730158730158731 1.0
