42 0.06104651162790698 0.5 0.12209302325581396 1.0
49 0.1744186046511628 0.5 0.12790697674418605 1.0
59 0.26356589147286824 0.5 0.06821705426356589 1.0
59 0.3255813953488372 0.5 0.06821705426356589 1.0
49 0.4147286821705426 0.5 0.12790697674418605 1.0
51 0.5310077519379846 0.5 0.12790697674418605 1.0
53 0.6472868217054263 0.5 0.12790697674418605 1.0
58 0.7364341085271318 0.5 0.06821705426356589 1.0
44 0.8255813953488372 0.5 0.12790697674418605 1.0
52 0.936046511627907 0.5 0.12790697674418605 1.0
