50 0.04350828729281768 0.5 0.08701657458563536 1.0
40 0.12430939226519336 0.5 0.09116022099447514 1.0
60 0.19889502762430938 0.5 0.07292817679558011 1.0
59 0.2541436464088398 0.5 0.04861878453038674 1.0
58 0.29834254143646405 0.5 0.04861878453038674 1.0
40 0.361878453038674 0.5 0.09116022099447514 1.0
64 0.46961325966850825 0.5 0.14585635359116023 1.0
44 0.5773480662983425 0.5 0.09116022099447514 1.0
48 0.660220994475138 0.5 0.09116022099447514 1.0
61 0.7348066298342542 0.5 0.07292817679558011 1.0
40 0.80939226519337 0.5 0.09116022099447514 1.0
60 0.8839779005524862 0.5 0.07292817679558011 1.0
56 0.9544198895027625 0.5 0.09116022099447514 1.0
