43 0.05665467625899281 0.5 0.11330935251798561 1.0
58 0.13669064748201437 0.5 0.06330935251798563 1.0
63 0.20863309352517986 0.5 0.09496402877697843 1.0
63 0.2949640287769784 0.5 0.09496402877697843 1.0
44 0.3920863309352518 0.5 0.11870503597122302 1.0
60 0.4892086330935252 0.5 0.09496402877697843 1.0
44 0.5863309352517986 0.5 0.11870503597122302 1.0
48 0.6942446043165468 0.5 0.11870503597122302 1.0
61 0.7913669064748201 0.5 0.09496402877697843 1.0
59 0.8633093525179857 0.5 0.06330935251798563 1.0
56 0.9406474820143885 0.5 0.11870503597122302 1.0
