44 0.06104651162790698 0.5 0.12209302325581396 1.0
55 0.1744186046511628 0.5 0.12790697674418605 1.0
50 0.29069767441860467 0.5 0.12790697674418605 1.0
59 0.3798449612403101 0.5 0.06821705426356589 1.0
58 0.4418604651162791 0.5 0.06821705426356589 1.0
42 0.5310077519379846 0.5 0.12790697674418605 1.0
40 0.6472868217054263 0.5 0.12790697674418605 1.0
41 0.7635658914728682 0.5 0.12790697674418605 1.0
59 0.8527131782945736 0.5 0.06821705426356589 1.0
56 0.936046511627907 0.5 0.12790697674418605 1.0
