13 0.05439189189189189 0.5 0.10878378378378378 1.0
27 0.1554054054054054 0.5 0.11396396396396397 1.0
15 0.25900900900900903 0.5 0.11396396396396397 1.0
20 0.3626126126126126 0.5 0.11396396396396397 1.0
14 0.46621621621621623 0.5 0.11396396396396397 1.0
35 0.5518018018018018 0.5 0.07432432432432433 1.0
28 0.6373873873873874 0.5 0.11396396396396397 1.0
20 0.740990990990991 0.5 0.11396396396396397 1.0
24 0.8445945945945946 0.5 0.11396396396396397 1.0
25 0.943018018018018 0.5 0.11396396396396397 1.0
