43 0.05285234899328859 0.5 0.10570469798657718 1.0
58 0.12751677852348992 0.5 0.059060402684563765 1.0
52 0.2046979865771812 0.5 0.11073825503355705 1.0
43 0.30536912751677847 0.5 0.11073825503355705 1.0
40 0.4060402684563758 0.5 0.11073825503355705 1.0
58 0.4832214765100671 0.5 0.059060402684563765 1.0
48 0.5604026845637583 0.5 0.11073825503355705 1.0
63 0.651006711409396 0.5 0.08859060402684564 1.0
53 0.7416107382550335 0.5 0.11073825503355705 1.0
59 0.8187919463087248 0.5 0.059060402684563765 1.0
59 0.87248322147651 0.5 0.059060402684563765 1.0
56 0.9446308724832215 0.5 0.11073825503355705 1.0
