58 0.03529411764705882 0.5 0.07058823529411765 1.0
48 0.13025210084033612 0.5 0.13865546218487396 1.0
54 0.25630252100840334 0.5 0.13865546218487396 1.0
58 0.3529411764705882 0.5 0.07394957983193277 1.0
61 0.43697478991596633 0.5 0.11092436974789917 1.0
58 0.5210084033613446 0.5 0.07394957983193277 1.0
48 0.6176470588235294 0.5 0.13865546218487396 1.0
45 0.7436974789915967 0.5 0.13865546218487396 1.0
59 0.8403361344537815 0.5 0.07394957983193277 1.0
56 0.930672268907563 0.5 0.13865546218487396 1.0
