58 0.025301204819277112 0.5 0.050602409638554224 1.0
48 0.09337349397590361 0.5 0.09939759036144578 1.0
52 0.18373493975903615 0.5 0.09939759036144578 1.0
61 0.26506024096385544 0.5 0.07951807228915662 1.0
60 0.3373493975903614 0.5 0.07951807228915662 1.0
53 0.4186746987951807 0.5 0.09939759036144578 1.0
64 0.536144578313253 0.5 0.15903614457831325 1.0
44 0.6536144578313253 0.5 0.09939759036144578 1.0
48 0.7439759036144579 0.5 0.09939759036144578 1.0
61 0.8253012048192772 0.5 0.07951807228915662 1.0
40 0.9066265060240963 0.5 0.09939759036144578 1.0
59 0.9734939759036144 0.5 0.05301204819277109 1.0
