52 0.04831288343558282 0.5 0.09662576687116564 1.0
53 0.1380368098159509 0.5 0.10122699386503067 1.0
42 0.23006134969325154 0.5 0.10122699386503067 1.0
42 0.3220858895705521 0.5 0.10122699386503067 1.0
44 0.41411042944785276 0.5 0.10122699386503067 1.0
52 0.5061349693251533 0.5 0.10122699386503067 1.0
52 0.5981595092024539 0.5 0.10122699386503067 1.0
63 0.6809815950920245 0.5 0.08098159509202456 1.0
53 0.763803680981595 0.5 0.10122699386503067 1.0
59 0.8343558282208589 0.5 0.0539877300613497 1.0
59 0.8834355828220858 0.5 0.0539877300613497 1.0
56 0.9493865030674846 0.5 0.10122699386503067 1.0
