40 0.053571428571428575 0.5 0.10714285714285715 1.0
63 0.14285714285714285 0.5 0.08979591836734693 1.0
61 0.22448979591836732 0.5 0.08979591836734693 1.0
44 0.31632653061224486 0.5 0.11224489795918369 1.0
60 0.4081632653061224 0.5 0.08979591836734693 1.0
65 0.5306122448979592 0.5 0.17959183673469387 1.0
40 0.6632653061224489 0.5 0.11224489795918369 1.0
60 0.7551020408163266 0.5 0.08979591836734693 1.0
43 0.846938775510204 0.5 0.11224489795918369 1.0
52 0.9438775510204082 0.5 0.11224489795918369 1.0
