63 0.04701492537313433 0.5 0.09402985074626866 1.0
60 0.13432835820895522 0.5 0.09850746268656717 1.0
40 0.23507462686567163 0.5 0.12313432835820896 1.0
53 0.34701492537313433 0.5 0.12313432835820896 1.0
43 0.458955223880597 0.5 0.12313432835820896 1.0
53 0.5708955223880597 0.5 0.12313432835820896 1.0
59 0.6567164179104478 0.5 0.06567164179104477 1.0
44 0.7425373134328358 0.5 0.12313432835820896 1.0
48 0.8544776119402985 0.5 0.12313432835820896 1.0
61 0.9507462686567164 0.5 0.09850746268656717 1.0
