15 0.05890243902439025 0.5 0.1178048780487805 1.0
49 0.14878048780487804 0.5 0.08048780487804878 1.0
64 0.24390243902439024 0.5 0.12878048780487808 1.0
64 0.36097560975609755 0.5 0.12878048780487808 1.0
49 0.4560975609756098 0.5 0.08048780487804878 1.0
48 0.5292682926829269 0.5 0.08048780487804878 1.0
65 0.6243902439024391 0.5 0.12878048780487808 1.0
44 0.7195121951219513 0.5 0.08048780487804878 1.0
40 0.7926829268292683 0.5 0.08048780487804878 1.0
59 0.848780487804878 0.5 0.042926829268292686 1.0
61 0.8975609756097561 0.5 0.06439024390243904 1.0
46 0.9597560975609756 0.5 0.08048780487804878 1.0
