64 0.08129032258064517 0.5 0.16258064516129034 1.0
53 0.20322580645161292 0.5 0.10645161290322581 1.0
59 0.27741935483870966 0.5 0.0567741935483871 1.0
61 0.3419354838709677 0.5 0.08516129032258066 1.0
58 0.40645161290322585 0.5 0.0567741935483871 1.0
37 0.4806451612903226 0.5 0.10645161290322581 1.0
60 0.567741935483871 0.5 0.08516129032258066 1.0
40 0.6548387096774193 0.5 0.10645161290322581 1.0
42 0.7516129032258064 0.5 0.10645161290322581 1.0
58 0.8258064516129032 0.5 0.0567741935483871 1.0
40 0.8999999999999999 0.5 0.10645161290322581 1.0
59 0.9716129032258064 0.5 0.0567741935483871 1.0
