58 0.0267515923566879 0.5 0.0535031847133758 1.0
48 0.09872611464968153 0.5 0.1050955414012739 1.0
51 0.1942675159235669 0.5 0.1050955414012739 1.0
53 0.2898089171974522 0.5 0.1050955414012739 1.0
58 0.36305732484076436 0.5 0.05605095541401275 1.0
52 0.43630573248407645 0.5 0.1050955414012739 1.0
58 0.5095541401273885 0.5 0.05605095541401275 1.0
61 0.5732484076433121 0.5 0.08407643312101912 1.0
58 0.6369426751592357 0.5 0.05605095541401275 1.0
54 0.7101910828025478 0.5 0.1050955414012739 1.0
44 0.8057324840764332 0.5 0.1050955414012739 1.0
59 0.8789808917197452 0.5 0.05605095541401275 1.0
56 0.947452229299363 0.5 0.1050955414012739 1.0
