42 0.04399441340782123 0.5 0.08798882681564246 1.0
49 0.12569832402234637 0.5 0.09217877094972067 1.0
64 0.23463687150837986 0.5 0.14748603351955308 1.0
50 0.3435754189944134 0.5 0.09217877094972067 1.0
59 0.4078212290502793 0.5 0.04916201117318436 1.0
44 0.4720670391061452 0.5 0.09217877094972067 1.0
61 0.547486033519553 0.5 0.07374301675977654 1.0
44 0.6229050279329609 0.5 0.09217877094972067 1.0
48 0.7067039106145252 0.5 0.09217877094972067 1.0
44 0.7905027932960894 0.5 0.09217877094972067 1.0
52 0.8743016759776536 0.5 0.09217877094972067 1.0
52 0.9539106145251397 0.5 0.09217877094972067 1.0
