42 0.057481751824817524 0.5 0.11496350364963505 1.0
44 0.1642335766423358 0.5 0.12043795620437958 1.0
48 0.2737226277372263 0.5 0.12043795620437958 1.0
61 0.3722627737226278 0.5 0.09635036496350366 1.0
58 0.4452554744525548 0.5 0.06423357664233577 1.0
45 0.5291970802919709 0.5 0.12043795620437958 1.0
60 0.6277372262773724 0.5 0.09635036496350366 1.0
40 0.7262773722627738 0.5 0.12043795620437958 1.0
43 0.8357664233576643 0.5 0.12043795620437958 1.0
44 0.9397810218978102 0.5 0.12043795620437958 1.0
