40 0.05545774647887324 0.5 0.11091549295774648 1.0
53 0.15845070422535212 0.5 0.11619718309859156 1.0
61 0.2535211267605634 0.5 0.09295774647887324 1.0
46 0.3485915492957746 0.5 0.11619718309859156 1.0
49 0.45422535211267606 0.5 0.11619718309859156 1.0
60 0.5492957746478873 0.5 0.09295774647887324 1.0
58 0.6197183098591549 0.5 0.0619718309859155 1.0
61 0.6901408450704225 0.5 0.09295774647887324 1.0
58 0.7605633802816901 0.5 0.0619718309859155 1.0
44 0.8415492957746479 0.5 0.11619718309859156 1.0
52 0.9419014084507042 0.5 0.11619718309859156 1.0
