53 0.04188829787234043 0.5 0.08377659574468085 1.0
48 0.1196808510638298 0.5 0.08776595744680853 1.0
44 0.19946808510638298 0.5 0.08776595744680853 1.0
64 0.30319148936170215 0.5 0.14042553191489363 1.0
50 0.40691489361702127 0.5 0.08776595744680853 1.0
59 0.4680851063829787 0.5 0.04680851063829788 1.0
49 0.5292553191489362 0.5 0.08776595744680853 1.0
56 0.6090425531914894 0.5 0.08776595744680853 1.0
64 0.7127659574468085 0.5 0.14042553191489363 1.0
44 0.8164893617021276 0.5 0.08776595744680853 1.0
48 0.8962765957446809 0.5 0.08776595744680853 1.0
61 0.9648936170212766 0.5 0.07021276595744681 1.0
