42 0.050806451612903224 0.5 0.10161290322580645 1.0
49 0.14516129032258063 0.5 0.10645161290322581 1.0
64 0.2709677419354839 0.5 0.17032258064516131 1.0
64 0.4258064516129032 0.5 0.17032258064516131 1.0
58 0.529032258064516 0.5 0.0567741935483871 1.0
61 0.5935483870967742 0.5 0.08516129032258066 1.0
61 0.6709677419354839 0.5 0.08516129032258066 1.0
44 0.7580645161290323 0.5 0.10645161290322581 1.0
44 0.8548387096774194 0.5 0.10645161290322581 1.0
52 0.9467741935483871 0.5 0.10645161290322581 1.0
