59 0.028187919463087248 0.5 0.056375838926174496 1.0
40 0.10402684563758388 0.5 0.11073825503355705 1.0
48 0.2046979865771812 0.5 0.11073825503355705 1.0
43 0.30536912751677847 0.5 0.11073825503355705 1.0
64 0.436241610738255 0.5 0.17718120805369128 1.0
40 0.5671140939597314 0.5 0.11073825503355705 1.0
60 0.6577181208053691 0.5 0.08859060402684564 1.0
47 0.7483221476510067 0.5 0.11073825503355705 1.0
44 0.848993288590604 0.5 0.11073825503355705 1.0
43 0.9446308724832215 0.5 0.11073825503355705 1.0
