58 0.03206106870229008 0.5 0.06412213740458016 1.0
48 0.1183206106870229 0.5 0.12595419847328246 1.0
52 0.23282442748091603 0.5 0.12595419847328246 1.0
61 0.33587786259541985 0.5 0.10076335877862597 1.0
60 0.42748091603053434 0.5 0.10076335877862597 1.0
53 0.5305343511450382 0.5 0.12595419847328246 1.0
42 0.6450381679389313 0.5 0.12595419847328246 1.0
61 0.748091603053435 0.5 0.10076335877862597 1.0
49 0.851145038167939 0.5 0.12595419847328246 1.0
60 0.949618320610687 0.5 0.10076335877862597 1.0
