58 0.029577464788732397 0.5 0.05915492957746479 1.0
48 0.10915492957746478 0.5 0.11619718309859156 1.0
63 0.20422535211267606 0.5 0.09295774647887324 1.0
40 0.2992957746478873 0.5 0.11619718309859156 1.0
61 0.39436619718309857 0.5 0.09295774647887324 1.0
53 0.4894366197183098 0.5 0.11619718309859156 1.0
40 0.5950704225352113 0.5 0.11619718309859156 1.0
61 0.6901408450704225 0.5 0.09295774647887324 1.0
58 0.7605633802816901 0.5 0.0619718309859155 1.0
49 0.8415492957746479 0.5 0.11619718309859156 1.0
48 0.9419014084507042 0.5 0.11619718309859156 1.0
