41 0.0430327868852459 0.5 0.0860655737704918 1.0
40 0.12295081967213115 0.5 0.09016393442622951 1.0
43 0.20491803278688522 0.5 0.09016393442622951 1.0
37 0.28688524590163933 0.5 0.09016393442622951 1.0
61 0.360655737704918 0.5 0.07213114754098361 1.0
44 0.4344262295081967 0.5 0.09016393442622951 1.0
64 0.540983606557377 0.5 0.14426229508196722 1.0
50 0.6475409836065574 0.5 0.09016393442622951 1.0
44 0.7295081967213115 0.5 0.09016393442622951 1.0
60 0.8032786885245902 0.5 0.07213114754098361 1.0
44 0.8770491803278688 0.5 0.09016393442622951 1.0
43 0.9549180327868853 0.5 0.09016393442622951 1.0
