52 0.05285234899328859 0.5 0.10570469798657718 1.0
42 0.15100671140939598 0.5 0.11073825503355705 1.0
46 0.25167785234899326 0.5 0.11073825503355705 1.0
49 0.3523489932885906 0.5 0.11073825503355705 1.0
49 0.4530201342281879 0.5 0.11073825503355705 1.0
59 0.5302013422818791 0.5 0.059060402684563765 1.0
45 0.6073825503355704 0.5 0.11073825503355705 1.0
58 0.6845637583892616 0.5 0.059060402684563765 1.0
60 0.7516778523489933 0.5 0.08859060402684564 1.0
59 0.8187919463087248 0.5 0.059060402684563765 1.0
2 0.87248322147651 0.5 0.059060402684563765 1.0
52 0.9446308724832215 0.5 0.11073825503355705 1.0
