40 0.03841463414634146 0.5 0.07682926829268293 1.0
50 0.1097560975609756 0.5 0.08048780487804878 1.0
50 0.18292682926829268 0.5 0.08048780487804878 1.0
60 0.24878048780487802 0.5 0.06439024390243904 1.0
44 0.31463414634146336 0.5 0.08048780487804878 1.0
48 0.38780487804878044 0.5 0.08048780487804878 1.0
61 0.45365853658536587 0.5 0.06439024390243904 1.0
58 0.5024390243902439 0.5 0.042926829268292686 1.0
42 0.5585365853658537 0.5 0.08048780487804878 1.0
44 0.6317073170731707 0.5 0.08048780487804878 1.0
52 0.7048780487804878 0.5 0.08048780487804878 1.0
46 0.7780487804878049 0.5 0.08048780487804878 1.0
58 0.8341463414634146 0.5 0.042926829268292686 1.0
50 0.8902439024390244 0.5 0.08048780487804878 1.0
52 0.9597560975609756 0.5 0.08048780487804878 1.0
