58 0.02709677419354839 0.5 0.05419354838709678 1.0
48 0.1 0.5 0.10645161290322581 1.0
43 0.1967741935483871 0.5 0.10645161290322581 1.0
44 0.29354838709677417 0.5 0.10645161290322581 1.0
50 0.3903225806451613 0.5 0.10645161290322581 1.0
44 0.4870967741935484 0.5 0.10645161290322581 1.0
48 0.5838709677419355 0.5 0.10645161290322581 1.0
43 0.6806451612903225 0.5 0.10645161290322581 1.0
44 0.7774193548387096 0.5 0.10645161290322581 1.0
48 0.8741935483870967 0.5 0.10645161290322581 1.0
61 0.9574193548387097 0.5 0.08516129032258066 1.0
