14 0.08104026845637584 0.5 0.16208053691275168 1.0
40 0.2046979865771812 0.5 0.11073825503355705 1.0
52 0.30536912751677847 0.5 0.11073825503355705 1.0
47 0.4060402684563758 0.5 0.11073825503355705 1.0
44 0.5067114093959731 0.5 0.11073825503355705 1.0
60 0.5973154362416107 0.5 0.08859060402684564 1.0
54 0.6879194630872483 0.5 0.11073825503355705 1.0
58 0.7651006711409395 0.5 0.059060402684563765 1.0
59 0.8187919463087248 0.5 0.059060402684563765 1.0
59 0.87248322147651 0.5 0.059060402684563765 1.0
44 0.9446308724832215 0.5 0.11073825503355705 1.0
