38 0.055040322580645167 0.5 0.11008064516129033 1.0
24 0.15120967741935484 0.5 0.10201612903225807 1.0
23 0.2439516129032258 0.5 0.10201612903225807 1.0
24 0.3366935483870968 0.5 0.10201612903225807 1.0
29 0.42943548387096775 0.5 0.10201612903225807 1.0
17 0.5221774193548387 0.5 0.10201612903225807 1.0
15 0.6149193548387097 0.5 0.10201612903225807 1.0
20 0.7076612903225806 0.5 0.10201612903225807 1.0
23 0.8004032258064516 0.5 0.10201612903225807 1.0
35 0.8770161290322581 0.5 0.06653225806451614 1.0
15 0.948991935483871 0.5 0.10201612903225807 1.0
