38 0.10186567164179106 0.5 0.2037313432835821 1.0
58 0.22388059701492538 0.5 0.06567164179104477 1.0
48 0.30970149253731344 0.5 0.12313432835820896 1.0
58 0.39552238805970147 0.5 0.06567164179104477 1.0
52 0.48134328358208955 0.5 0.12313432835820896 1.0
61 0.582089552238806 0.5 0.09850746268656717 1.0
44 0.6828358208955224 0.5 0.12313432835820896 1.0
60 0.7835820895522388 0.5 0.09850746268656717 1.0
2 0.8582089552238806 0.5 0.06567164179104477 1.0
52 0.9384328358208955 0.5 0.12313432835820896 1.0
