52 0.05113636363636364 0.5 0.10227272727272728 1.0
44 0.14610389610389612 0.5 0.10714285714285715 1.0
48 0.2435064935064935 0.5 0.10714285714285715 1.0
61 0.3311688311688312 0.5 0.08571428571428572 1.0
58 0.3961038961038961 0.5 0.05714285714285715 1.0
64 0.5 0.5 0.17142857142857143 1.0
44 0.6266233766233766 0.5 0.10714285714285715 1.0
48 0.724025974025974 0.5 0.10714285714285715 1.0
61 0.8116883116883117 0.5 0.08571428571428572 1.0
40 0.8993506493506493 0.5 0.10714285714285715 1.0
59 0.9714285714285714 0.5 0.05714285714285715 1.0
