44 0.060576923076923084 0.5 0.12115384615384617 1.0
63 0.16153846153846155 0.5 0.10153846153846155 1.0
63 0.25384615384615383 0.5 0.10153846153846155 1.0
58 0.3307692307692308 0.5 0.0676923076923077 1.0
42 0.4192307692307693 0.5 0.12692307692307694 1.0
58 0.5076923076923077 0.5 0.0676923076923077 1.0
44 0.5961538461538463 0.5 0.12692307692307694 1.0
48 0.7115384615384616 0.5 0.12692307692307694 1.0
42 0.826923076923077 0.5 0.12692307692307694 1.0
56 0.9365384615384615 0.5 0.12692307692307694 1.0
