41 0.058768656716417914 0.5 0.11753731343283583 1.0
49 0.16791044776119404 0.5 0.12313432835820896 1.0
40 0.27985074626865675 0.5 0.12313432835820896 1.0
61 0.3805970149253732 0.5 0.09850746268656717 1.0
37 0.48134328358208955 0.5 0.12313432835820896 1.0
61 0.582089552238806 0.5 0.09850746268656717 1.0
60 0.6716417910447762 0.5 0.09850746268656717 1.0
40 0.7723880597014925 0.5 0.12313432835820896 1.0
58 0.8582089552238806 0.5 0.06567164179104477 1.0
48 0.9384328358208955 0.5 0.12313432835820896 1.0
