43 0.04059278350515464 0.5 0.08118556701030928 1.0
58 0.0979381443298969 0.5 0.04536082474226805 1.0
40 0.15721649484536082 0.5 0.08505154639175258 1.0
64 0.25773195876288657 0.5 0.13608247422680414 1.0
49 0.35824742268041243 0.5 0.08505154639175258 1.0
48 0.43556701030927836 0.5 0.08505154639175258 1.0
43 0.5128865979381444 0.5 0.08505154639175258 1.0
37 0.5902061855670103 0.5 0.08505154639175258 1.0
52 0.6675257731958762 0.5 0.08505154639175258 1.0
61 0.7371134020618557 0.5 0.06804123711340207 1.0
49 0.8067010309278351 0.5 0.08505154639175258 1.0
48 0.884020618556701 0.5 0.08505154639175258 1.0
44 0.9574742268041238 0.5 0.08505154639175258 1.0
