46 0.060576923076923084 0.5 0.12115384615384617 1.0
44 0.17307692307692307 0.5 0.12692307692307694 1.0
52 0.2884615384615385 0.5 0.12692307692307694 1.0
58 0.3769230769230769 0.5 0.0676923076923077 1.0
61 0.45384615384615384 0.5 0.10153846153846155 1.0
40 0.5576923076923077 0.5 0.12692307692307694 1.0
61 0.6615384615384616 0.5 0.10153846153846155 1.0
58 0.7384615384615385 0.5 0.0676923076923077 1.0
49 0.826923076923077 0.5 0.12692307692307694 1.0
48 0.9365384615384615 0.5 0.12692307692307694 1.0
