25 0.048493975903614456 0.5 0.09698795180722891 1.0
40 0.12248995983935743 0.5 0.06626506024096386 1.0
60 0.17670682730923695 0.5 0.05301204819277109 1.0
59 0.21686746987951808 0.5 0.035341365461847386 1.0
58 0.248995983935743 0.5 0.035341365461847386 1.0
40 0.2951807228915662 0.5 0.06626506024096386 1.0
64 0.37349397590361444 0.5 0.10602409638554218 1.0
44 0.45180722891566266 0.5 0.06626506024096386 1.0
48 0.5120481927710844 0.5 0.06626506024096386 1.0
61 0.5662650602409638 0.5 0.05301204819277109 1.0
37 0.6204819277108434 0.5 0.06626506024096386 1.0
52 0.6807228915662651 0.5 0.06626506024096386 1.0
51 0.7409638554216867 0.5 0.06626506024096386 1.0
53 0.8012048192771085 0.5 0.06626506024096386 1.0
40 0.8614457831325302 0.5 0.06626506024096386 1.0
60 0.9156626506024096 0.5 0.05301204819277109 1.0
44 0.9668674698795181 0.5 0.06626506024096386 1.0
