42 0.047155688622754495 0.5 0.09431137724550899 1.0
49 0.1347305389221557 0.5 0.09880239520958084 1.0
48 0.2245508982035928 0.5 0.09880239520958084 1.0
63 0.30538922155688625 0.5 0.07904191616766468 1.0
44 0.3862275449101797 0.5 0.09880239520958084 1.0
60 0.46706586826347307 0.5 0.07904191616766468 1.0
44 0.5479041916167664 0.5 0.09880239520958084 1.0
48 0.6377245508982036 0.5 0.09880239520958084 1.0
42 0.7275449101796407 0.5 0.09880239520958084 1.0
44 0.8173652694610778 0.5 0.09880239520958084 1.0
2 0.8862275449101796 0.5 0.05269461077844312 1.0
52 0.9505988023952096 0.5 0.09880239520958084 1.0
