14 0.05977722772277228 0.5 0.11955445544554456 1.0
40 0.15099009900990099 0.5 0.08168316831683169 1.0
48 0.22524752475247525 0.5 0.08168316831683169 1.0
37 0.2995049504950495 0.5 0.08168316831683169 1.0
61 0.36633663366336633 0.5 0.06534653465346535 1.0
46 0.43316831683168316 0.5 0.08168316831683169 1.0
44 0.5074257425742574 0.5 0.08168316831683169 1.0
37 0.5816831683168318 0.5 0.08168316831683169 1.0
14 0.6757425742574258 0.5 0.12524752475247528 1.0
49 0.7698019801980198 0.5 0.08168316831683169 1.0
64 0.8663366336633662 0.5 0.1306930693069307 1.0
41 0.9591584158415841 0.5 0.08168316831683169 1.0
