61 0.040645161290322585 0.5 0.08129032258064517 1.0
60 0.11612903225806452 0.5 0.08516129032258066 1.0
40 0.20322580645161292 0.5 0.10645161290322581 1.0
48 0.3 0.5 0.10645161290322581 1.0
52 0.3967741935483871 0.5 0.10645161290322581 1.0
64 0.5225806451612903 0.5 0.17032258064516131 1.0
58 0.6258064516129032 0.5 0.0567741935483871 1.0
61 0.6903225806451613 0.5 0.08516129032258066 1.0
61 0.7677419354838709 0.5 0.08516129032258066 1.0
44 0.8548387096774194 0.5 0.10645161290322581 1.0
43 0.9467741935483871 0.5 0.10645161290322581 1.0
