48 0.052500000000000005 0.5 0.10500000000000001 1.0
49 0.15000000000000002 0.5 0.11000000000000001 1.0
61 0.24000000000000002 0.5 0.08800000000000001 1.0
58 0.3066666666666667 0.5 0.05866666666666667 1.0
63 0.37333333333333335 0.5 0.08800000000000001 1.0
58 0.44 0.5 0.05866666666666667 1.0
42 0.5166666666666667 0.5 0.11000000000000001 1.0
40 0.6166666666666667 0.5 0.11000000000000001 1.0
61 0.7066666666666668 0.5 0.08800000000000001 1.0
58 0.7733333333333333 0.5 0.05866666666666667 1.0
49 0.8500000000000001 0.5 0.11000000000000001 1.0
48 0.945 0.5 0.11000000000000001 1.0
