49 0.03394396551724138 0.5 0.06788793103448276 1.0
54 0.09698275862068967 0.5 0.07112068965517243 1.0
44 0.16163793103448276 0.5 0.07112068965517243 1.0
60 0.21982758620689657 0.5 0.056896551724137934 1.0
37 0.2780172413793104 0.5 0.07112068965517243 1.0
44 0.3426724137931035 0.5 0.07112068965517243 1.0
64 0.4267241379310345 0.5 0.11379310344827587 1.0
50 0.5107758620689655 0.5 0.07112068965517243 1.0
46 0.5754310344827587 0.5 0.07112068965517243 1.0
40 0.6400862068965518 0.5 0.07112068965517243 1.0
52 0.7047413793103449 0.5 0.07112068965517243 1.0
58 0.7543103448275863 0.5 0.03793103448275862 1.0
57 0.8038793103448276 0.5 0.07112068965517243 1.0
58 0.8534482758620691 0.5 0.03793103448275862 1.0
48 0.9030172413793104 0.5 0.07112068965517243 1.0
45 0.9644396551724138 0.5 0.07112068965517243 1.0
