28 0.0678370786516854 0.5 0.1356741573033708 1.0
61 0.16292134831460675 0.5 0.07415730337078652 1.0
49 0.23876404494382023 0.5 0.09269662921348315 1.0
48 0.32303370786516855 0.5 0.09269662921348315 1.0
44 0.40730337078651685 0.5 0.09269662921348315 1.0
46 0.49157303370786515 0.5 0.09269662921348315 1.0
49 0.5758426966292135 0.5 0.09269662921348315 1.0
53 0.6601123595505618 0.5 0.09269662921348315 1.0
52 0.7443820224719102 0.5 0.09269662921348315 1.0
44 0.8286516853932585 0.5 0.09269662921348315 1.0
2 0.8932584269662922 0.5 0.04943820224719101 1.0
52 0.9536516853932584 0.5 0.09269662921348315 1.0
