43 0.053571428571428575 0.5 0.10714285714285715 1.0
58 0.1292517006802721 0.5 0.0598639455782313 1.0
50 0.20748299319727892 0.5 0.11224489795918369 1.0
59 0.2857142857142857 0.5 0.0598639455782313 1.0
49 0.36394557823129253 0.5 0.11224489795918369 1.0
64 0.4965986394557823 0.5 0.17959183673469387 1.0
40 0.629251700680272 0.5 0.11224489795918369 1.0
61 0.7210884353741497 0.5 0.08979591836734693 1.0
58 0.7891156462585034 0.5 0.0598639455782313 1.0
52 0.8673469387755102 0.5 0.11224489795918369 1.0
61 0.9551020408163265 0.5 0.08979591836734693 1.0
