63 0.027155172413793106 0.5 0.05431034482758621 1.0
40 0.08405172413793104 0.5 0.07112068965517243 1.0
52 0.14870689655172414 0.5 0.07112068965517243 1.0
61 0.20689655172413793 0.5 0.056896551724137934 1.0
37 0.26508620689655177 0.5 0.07112068965517243 1.0
43 0.32974137931034486 0.5 0.07112068965517243 1.0
58 0.3793103448275862 0.5 0.03793103448275862 1.0
52 0.4288793103448276 0.5 0.07112068965517243 1.0
40 0.4935344827586207 0.5 0.07112068965517243 1.0
50 0.5581896551724138 0.5 0.07112068965517243 1.0
50 0.622844827586207 0.5 0.07112068965517243 1.0
44 0.6875 0.5 0.07112068965517243 1.0
40 0.7521551724137931 0.5 0.07112068965517243 1.0
60 0.810344827586207 0.5 0.056896551724137934 1.0
58 0.8534482758620691 0.5 0.03793103448275862 1.0
48 0.9030172413793104 0.5 0.07112068965517243 1.0
45 0.9644396551724138 0.5 0.07112068965517243 1.0
