52 0.057481751824817524 0.5 0.11496350364963505 1.0
50 0.1642335766423358 0.5 0.12043795620437958 1.0
44 0.2737226277372263 0.5 0.12043795620437958 1.0
42 0.3832116788321168 0.5 0.12043795620437958 1.0
53 0.4927007299270073 0.5 0.12043795620437958 1.0
59 0.5766423357664233 0.5 0.06423357664233577 1.0
40 0.6605839416058394 0.5 0.12043795620437958 1.0
61 0.7591240875912408 0.5 0.09635036496350366 1.0
49 0.8576642335766423 0.5 0.12043795620437958 1.0
60 0.9518248175182482 0.5 0.09635036496350366 1.0
