58 0.029577464788732397 0.5 0.05915492957746479 1.0
64 0.14084507042253522 0.5 0.18591549295774648 1.0
50 0.27816901408450706 0.5 0.11619718309859156 1.0
60 0.3732394366197183 0.5 0.09295774647887324 1.0
58 0.44366197183098594 0.5 0.0619718309859155 1.0
52 0.5246478873239436 0.5 0.11619718309859156 1.0
49 0.6302816901408451 0.5 0.11619718309859156 1.0
48 0.7359154929577465 0.5 0.11619718309859156 1.0
44 0.8415492957746479 0.5 0.11619718309859156 1.0
43 0.9419014084507042 0.5 0.11619718309859156 1.0
