42 0.04831288343558282 0.5 0.09662576687116564 1.0
49 0.1380368098159509 0.5 0.10122699386503067 1.0
64 0.25766871165644173 0.5 0.16196319018404912 1.0
64 0.4049079754601227 0.5 0.16196319018404912 1.0
58 0.5030674846625767 0.5 0.0539877300613497 1.0
61 0.5644171779141105 0.5 0.08098159509202456 1.0
61 0.6380368098159509 0.5 0.08098159509202456 1.0
44 0.7208588957055214 0.5 0.10122699386503067 1.0
44 0.8128834355828221 0.5 0.10122699386503067 1.0
2 0.8834355828220859 0.5 0.0539877300613497 1.0
52 0.9493865030674846 0.5 0.10122699386503067 1.0
