25 0.07453703703703704 0.5 0.14907407407407408 1.0
59 0.16666666666666666 0.5 0.05432098765432099 1.0
40 0.23765432098765432 0.5 0.10185185185185186 1.0
56 0.3302469135802469 0.5 0.10185185185185186 1.0
65 0.4506172839506173 0.5 0.16296296296296298 1.0
60 0.5617283950617284 0.5 0.08148148148148149 1.0
58 0.6234567901234568 0.5 0.05432098765432099 1.0
45 0.6944444444444444 0.5 0.10185185185185186 1.0
46 0.787037037037037 0.5 0.10185185185185186 1.0
61 0.8703703703703702 0.5 0.08148148148148149 1.0
52 0.9490740740740741 0.5 0.10185185185185186 1.0
