53 0.05048076923076924 0.5 0.10096153846153848 1.0
48 0.14423076923076925 0.5 0.10576923076923078 1.0
42 0.2403846153846154 0.5 0.10576923076923078 1.0
59 0.31410256410256415 0.5 0.05641025641025641 1.0
40 0.38782051282051283 0.5 0.10576923076923078 1.0
52 0.483974358974359 0.5 0.10576923076923078 1.0
52 0.5801282051282052 0.5 0.10576923076923078 1.0
58 0.6538461538461539 0.5 0.05641025641025641 1.0
63 0.717948717948718 0.5 0.08461538461538462 1.0
58 0.782051282051282 0.5 0.05641025641025641 1.0
44 0.8557692307692308 0.5 0.10576923076923078 1.0
43 0.9471153846153846 0.5 0.10576923076923078 1.0
