40 0.050806451612903224 0.5 0.10161290322580645 1.0
43 0.14516129032258063 0.5 0.10645161290322581 1.0
49 0.24193548387096775 0.5 0.10645161290322581 1.0
59 0.3161290322580645 0.5 0.0567741935483871 1.0
44 0.3903225806451613 0.5 0.10645161290322581 1.0
52 0.4870967741935484 0.5 0.10645161290322581 1.0
42 0.5838709677419355 0.5 0.10645161290322581 1.0
44 0.6806451612903225 0.5 0.10645161290322581 1.0
48 0.7774193548387096 0.5 0.10645161290322581 1.0
61 0.864516129032258 0.5 0.08516129032258066 1.0
52 0.9467741935483871 0.5 0.10645161290322581 1.0
