39 0.12484756097560976 0.5 0.2496951219512195 1.0
49 0.28353658536585363 0.5 0.10060975609756098 1.0
48 0.37499999999999994 0.5 0.10060975609756098 1.0
43 0.4664634146341463 0.5 0.10060975609756098 1.0
44 0.5579268292682927 0.5 0.10060975609756098 1.0
60 0.6402439024390244 0.5 0.08048780487804878 1.0
59 0.7012195121951219 0.5 0.05365853658536586 1.0
40 0.7713414634146342 0.5 0.10060975609756098 1.0
48 0.8628048780487805 0.5 0.10060975609756098 1.0
43 0.9496951219512195 0.5 0.10060975609756098 1.0
