58 0.025925925925925925 0.5 0.05185185185185185 1.0
60 0.08641975308641975 0.5 0.08148148148148149 1.0
60 0.16049382716049382 0.5 0.08148148148148149 1.0
44 0.24382716049382713 0.5 0.10185185185185186 1.0
61 0.32716049382716045 0.5 0.08148148148148149 1.0
60 0.4012345679012345 0.5 0.08148148148148149 1.0
58 0.4629629629629629 0.5 0.05432098765432099 1.0
44 0.5339506172839505 0.5 0.10185185185185186 1.0
54 0.6265432098765431 0.5 0.10185185185185186 1.0
40 0.7191358024691358 0.5 0.10185185185185186 1.0
41 0.8117283950617283 0.5 0.10185185185185186 1.0
59 0.882716049382716 0.5 0.05432098765432099 1.0
56 0.9490740740740741 0.5 0.10185185185185186 1.0
