52 0.05431034482758621 0.5 0.10862068965517242 1.0
53 0.15517241379310345 0.5 0.11379310344827587 1.0
41 0.25862068965517243 0.5 0.11379310344827587 1.0
52 0.3620689655172414 0.5 0.11379310344827587 1.0
61 0.45517241379310347 0.5 0.0910344827586207 1.0
40 0.5482758620689655 0.5 0.11379310344827587 1.0
48 0.6517241379310345 0.5 0.11379310344827587 1.0
61 0.7448275862068965 0.5 0.0910344827586207 1.0
58 0.8137931034482759 0.5 0.0606896551724138 1.0
40 0.8931034482758621 0.5 0.11379310344827587 1.0
59 0.9696551724137931 0.5 0.0606896551724138 1.0
