42 0.05015923566878981 0.5 0.10031847133757962 1.0
49 0.14331210191082805 0.5 0.1050955414012739 1.0
48 0.23885350318471338 0.5 0.1050955414012739 1.0
52 0.33439490445859876 0.5 0.1050955414012739 1.0
61 0.42038216560509556 0.5 0.08407643312101912 1.0
58 0.4840764331210191 0.5 0.05605095541401275 1.0
61 0.5477707006369427 0.5 0.08407643312101912 1.0
53 0.6337579617834395 0.5 0.1050955414012739 1.0
61 0.7197452229299364 0.5 0.08407643312101912 1.0
58 0.7834394904458599 0.5 0.05605095541401275 1.0
48 0.856687898089172 0.5 0.1050955414012739 1.0
45 0.947452229299363 0.5 0.1050955414012739 1.0
