63 0.04701492537313433 0.5 0.09402985074626866 1.0
40 0.1455223880597015 0.5 0.12313432835820896 1.0
46 0.2574626865671642 0.5 0.12313432835820896 1.0
60 0.35820895522388063 0.5 0.09850746268656717 1.0
44 0.458955223880597 0.5 0.12313432835820896 1.0
48 0.5708955223880597 0.5 0.12313432835820896 1.0
46 0.6828358208955224 0.5 0.12313432835820896 1.0
44 0.7947761194029851 0.5 0.12313432835820896 1.0
58 0.8805970149253731 0.5 0.06567164179104477 1.0
61 0.9507462686567164 0.5 0.09850746268656717 1.0
