65 0.0711864406779661 0.5 0.1423728813559322 1.0
44 0.17796610169491525 0.5 0.09322033898305085 1.0
59 0.24293785310734461 0.5 0.04971751412429379 1.0
59 0.288135593220339 0.5 0.04971751412429379 1.0
37 0.3531073446327684 0.5 0.09322033898305085 1.0
64 0.4632768361581921 0.5 0.14915254237288136 1.0
44 0.5734463276836158 0.5 0.09322033898305085 1.0
40 0.6581920903954802 0.5 0.09322033898305085 1.0
48 0.7429378531073446 0.5 0.09322033898305085 1.0
58 0.807909604519774 0.5 0.04971751412429379 1.0
48 0.8728813559322034 0.5 0.09322033898305085 1.0
45 0.9533898305084746 0.5 0.09322033898305085 1.0
