61 0.04285714285714286 0.5 0.08571428571428572 1.0
60 0.12244897959183673 0.5 0.08979591836734693 1.0
44 0.21428571428571427 0.5 0.11224489795918369 1.0
40 0.31632653061224486 0.5 0.11224489795918369 1.0
61 0.4081632653061224 0.5 0.08979591836734693 1.0
64 0.5306122448979592 0.5 0.17959183673469387 1.0
44 0.6632653061224489 0.5 0.11224489795918369 1.0
48 0.7653061224489797 0.5 0.11224489795918369 1.0
61 0.8571428571428572 0.5 0.08979591836734693 1.0
52 0.9438775510204082 0.5 0.11224489795918369 1.0
