42 0.041666666666666664 0.5 0.08333333333333333 1.0
49 0.11904761904761904 0.5 0.08730158730158731 1.0
64 0.2222222222222222 0.5 0.13968253968253969 1.0
50 0.32539682539682535 0.5 0.08730158730158731 1.0
40 0.40476190476190477 0.5 0.08730158730158731 1.0
60 0.47619047619047616 0.5 0.06984126984126984 1.0
61 0.5396825396825397 0.5 0.06984126984126984 1.0
64 0.6349206349206349 0.5 0.13968253968253969 1.0
44 0.738095238095238 0.5 0.08730158730158731 1.0
48 0.8174603174603173 0.5 0.08730158730158731 1.0
61 0.8888888888888888 0.5 0.06984126984126984 1.0
52 0.9563492063492064 0.5 0.08730158730158731 1.0
