15 0.07020348837209302 0.5 0.14040697674418604 1.0
49 0.17732558139534882 0.5 0.09593023255813954 1.0
48 0.26453488372093026 0.5 0.09593023255813954 1.0
52 0.35174418604651164 0.5 0.09593023255813954 1.0
53 0.438953488372093 0.5 0.09593023255813954 1.0
64 0.5523255813953488 0.5 0.15348837209302327 1.0
50 0.6656976744186046 0.5 0.09593023255813954 1.0
61 0.7441860465116279 0.5 0.07674418604651163 1.0
58 0.8023255813953489 0.5 0.051162790697674425 1.0
49 0.8691860465116279 0.5 0.09593023255813954 1.0
48 0.9520348837209303 0.5 0.09593023255813954 1.0
