27 0.074079754601227 0.5 0.148159509202454 1.0
44 0.1871165644171779 0.5 0.10122699386503067 1.0
52 0.2791411042944785 0.5 0.10122699386503067 1.0
61 0.3619631901840491 0.5 0.08098159509202456 1.0
58 0.4233128834355828 0.5 0.0539877300613497 1.0
45 0.4938650306748466 0.5 0.10122699386503067 1.0
49 0.5858895705521472 0.5 0.10122699386503067 1.0
53 0.6779141104294478 0.5 0.10122699386503067 1.0
42 0.7699386503067484 0.5 0.10122699386503067 1.0
46 0.861963190184049 0.5 0.10122699386503067 1.0
44 0.9493865030674846 0.5 0.10122699386503067 1.0
