60 0.03888888888888889 0.5 0.07777777777777778 1.0
49 0.12037037037037036 0.5 0.10185185185185186 1.0
52 0.21296296296296297 0.5 0.10185185185185186 1.0
44 0.3055555555555555 0.5 0.10185185185185186 1.0
37 0.39814814814814814 0.5 0.10185185185185186 1.0
46 0.4907407407407407 0.5 0.10185185185185186 1.0
44 0.5833333333333333 0.5 0.10185185185185186 1.0
40 0.6759259259259258 0.5 0.10185185185185186 1.0
43 0.7685185185185185 0.5 0.10185185185185186 1.0
44 0.861111111111111 0.5 0.10185185185185186 1.0
43 0.9490740740740741 0.5 0.10185185185185186 1.0
