52 0.04801829268292683 0.5 0.09603658536585366 1.0
46 0.13719512195121952 0.5 0.10060975609756098 1.0
58 0.2073170731707317 0.5 0.05365853658536586 1.0
50 0.27743902439024387 0.5 0.10060975609756098 1.0
65 0.39634146341463417 0.5 0.16097560975609757 1.0
60 0.5060975609756098 0.5 0.08048780487804878 1.0
44 0.5884146341463415 0.5 0.10060975609756098 1.0
42 0.6798780487804879 0.5 0.10060975609756098 1.0
47 0.7713414634146342 0.5 0.10060975609756098 1.0
44 0.8628048780487805 0.5 0.10060975609756098 1.0
43 0.9496951219512195 0.5 0.10060975609756098 1.0
