43 0.058333333333333334 0.5 0.11666666666666667 1.0
58 0.14074074074074072 0.5 0.0651851851851852 1.0
63 0.21481481481481482 0.5 0.09777777777777778 1.0
63 0.3037037037037037 0.5 0.09777777777777778 1.0
58 0.37777777777777777 0.5 0.0651851851851852 1.0
43 0.462962962962963 0.5 0.12222222222222223 1.0
44 0.5740740740740741 0.5 0.12222222222222223 1.0
48 0.6851851851851852 0.5 0.12222222222222223 1.0
61 0.7851851851851851 0.5 0.09777777777777778 1.0
59 0.8592592592592593 0.5 0.0651851851851852 1.0
56 0.9388888888888889 0.5 0.12222222222222223 1.0
