15 0.0764240506329114 0.5 0.1528481012658228 1.0
46 0.1930379746835443 0.5 0.10443037974683546 1.0
44 0.2879746835443038 0.5 0.10443037974683546 1.0
44 0.38291139240506333 0.5 0.10443037974683546 1.0
52 0.4778481012658228 0.5 0.10443037974683546 1.0
44 0.5727848101265823 0.5 0.10443037974683546 1.0
42 0.6677215189873418 0.5 0.10443037974683546 1.0
40 0.7626582278481013 0.5 0.10443037974683546 1.0
47 0.8575949367088609 0.5 0.10443037974683546 1.0
44 0.9477848101265822 0.5 0.10443037974683546 1.0
