42 0.04984177215189874 0.5 0.09968354430379749 1.0
49 0.14240506329113925 0.5 0.10443037974683546 1.0
48 0.23734177215189875 0.5 0.10443037974683546 1.0
52 0.3322784810126582 0.5 0.10443037974683546 1.0
50 0.4272151898734178 0.5 0.10443037974683546 1.0
58 0.5 0.5 0.055696202531645575 1.0
42 0.5727848101265823 0.5 0.10443037974683546 1.0
53 0.6677215189873419 0.5 0.10443037974683546 1.0
49 0.7626582278481013 0.5 0.10443037974683546 1.0
53 0.8575949367088609 0.5 0.10443037974683546 1.0
52 0.9477848101265822 0.5 0.10443037974683546 1.0
