52 0.042112299465240643 0.5 0.08422459893048129 1.0
44 0.12032085561497327 0.5 0.08823529411764706 1.0
59 0.18181818181818182 0.5 0.047058823529411764 1.0
63 0.23529411764705882 0.5 0.07058823529411766 1.0
37 0.3074866310160428 0.5 0.08823529411764706 1.0
44 0.3877005347593583 0.5 0.08823529411764706 1.0
64 0.4919786096256684 0.5 0.14117647058823532 1.0
50 0.5962566844919787 0.5 0.08823529411764706 1.0
59 0.6577540106951871 0.5 0.047058823529411764 1.0
49 0.7192513368983958 0.5 0.08823529411764706 1.0
56 0.7994652406417113 0.5 0.08823529411764706 1.0
44 0.8796791443850268 0.5 0.08823529411764706 1.0
43 0.9558823529411765 0.5 0.08823529411764706 1.0
