50 0.046052631578947366 0.5 0.09210526315789473 1.0
59 0.1111111111111111 0.5 0.05146198830409357 1.0
40 0.1783625730994152 0.5 0.09649122807017545 1.0
58 0.24561403508771928 0.5 0.05146198830409357 1.0
48 0.3128654970760234 0.5 0.09649122807017545 1.0
37 0.4005847953216374 0.5 0.09649122807017545 1.0
42 0.48830409356725146 0.5 0.09649122807017545 1.0
59 0.5555555555555556 0.5 0.05146198830409357 1.0
49 0.6228070175438597 0.5 0.09649122807017545 1.0
61 0.7017543859649122 0.5 0.07719298245614035 1.0
46 0.7807017543859649 0.5 0.09649122807017545 1.0
44 0.8684210526315789 0.5 0.09649122807017545 1.0
52 0.9517543859649122 0.5 0.09649122807017545 1.0
