14 0.07996688741721855 0.5 0.1599337748344371 1.0
59 0.17880794701986755 0.5 0.05827814569536424 1.0
49 0.2549668874172185 0.5 0.10927152317880795 1.0
42 0.3543046357615894 0.5 0.10927152317880795 1.0
47 0.45364238410596025 0.5 0.10927152317880795 1.0
46 0.5529801324503312 0.5 0.10927152317880795 1.0
49 0.652317880794702 0.5 0.10927152317880795 1.0
53 0.7516556291390728 0.5 0.10927152317880795 1.0
52 0.8509933774834437 0.5 0.10927152317880795 1.0
44 0.945364238410596 0.5 0.10927152317880795 1.0
