43 0.04256756756756757 0.5 0.08513513513513514 1.0
58 0.10270270270270271 0.5 0.047567567567567574 1.0
52 0.16486486486486487 0.5 0.08918918918918921 1.0
42 0.24594594594594596 0.5 0.08918918918918921 1.0
60 0.31891891891891894 0.5 0.07135135135135136 1.0
58 0.372972972972973 0.5 0.047567567567567574 1.0
64 0.4594594594594595 0.5 0.14270270270270272 1.0
58 0.5459459459459459 0.5 0.047567567567567574 1.0
48 0.6081081081081081 0.5 0.08918918918918921 1.0
40 0.6891891891891893 0.5 0.08918918918918921 1.0
61 0.7621621621621623 0.5 0.07135135135135136 1.0
58 0.8162162162162163 0.5 0.047567567567567574 1.0
49 0.8783783783783785 0.5 0.08918918918918921 1.0
48 0.9554054054054054 0.5 0.08918918918918921 1.0
