60 0.028767123287671233 0.5 0.057534246575342465 1.0
44 0.08904109589041095 0.5 0.07534246575342465 1.0
54 0.15753424657534246 0.5 0.07534246575342465 1.0
44 0.22602739726027396 0.5 0.07534246575342465 1.0
48 0.29452054794520544 0.5 0.07534246575342465 1.0
45 0.363013698630137 0.5 0.07534246575342465 1.0
44 0.43150684931506844 0.5 0.07534246575342465 1.0
37 0.5 0.5 0.07534246575342465 1.0
52 0.5684931506849314 0.5 0.07534246575342465 1.0
44 0.636986301369863 0.5 0.07534246575342465 1.0
44 0.7054794520547946 0.5 0.07534246575342465 1.0
47 0.773972602739726 0.5 0.07534246575342465 1.0
44 0.8424657534246575 0.5 0.07534246575342465 1.0
60 0.9041095890410958 0.5 0.06027397260273973 1.0
52 0.9623287671232876 0.5 0.07534246575342465 1.0
