52 0.038985148514851485 0.5 0.07797029702970297 1.0
44 0.11138613861386137 0.5 0.08168316831683169 1.0
59 0.1683168316831683 0.5 0.04356435643564357 1.0
63 0.21782178217821782 0.5 0.06534653465346535 1.0
37 0.28465346534653463 0.5 0.08168316831683169 1.0
40 0.3589108910891089 0.5 0.08168316831683169 1.0
41 0.4331683168316831 0.5 0.08168316831683169 1.0
52 0.5074257425742574 0.5 0.08168316831683169 1.0
49 0.5816831683168316 0.5 0.08168316831683169 1.0
60 0.6485148514851485 0.5 0.06534653465346535 1.0
50 0.7153465346534653 0.5 0.08168316831683169 1.0
61 0.7821782178217822 0.5 0.06534653465346535 1.0
58 0.8316831683168316 0.5 0.04356435643564357 1.0
49 0.8886138613861386 0.5 0.08168316831683169 1.0
48 0.9591584158415841 0.5 0.08168316831683169 1.0
