58 0.024277456647398842 0.5 0.048554913294797684 1.0
48 0.08959537572254335 0.5 0.09537572254335261 1.0
43 0.17630057803468208 0.5 0.09537572254335261 1.0
44 0.2630057803468208 0.5 0.09537572254335261 1.0
50 0.34971098265895956 0.5 0.09537572254335261 1.0
44 0.43641618497109824 0.5 0.09537572254335261 1.0
48 0.523121387283237 0.5 0.09537572254335261 1.0
43 0.6098265895953756 0.5 0.09537572254335261 1.0
44 0.6965317919075144 0.5 0.09537572254335261 1.0
48 0.7832369942196531 0.5 0.09537572254335261 1.0
42 0.8699421965317918 0.5 0.09537572254335261 1.0
44 0.9523121387283237 0.5 0.09537572254335261 1.0
