58 0.031578947368421054 0.5 0.06315789473684211 1.0
48 0.11654135338345864 0.5 0.12406015037593986 1.0
42 0.22932330827067668 0.5 0.12406015037593986 1.0
60 0.3308270676691729 0.5 0.09924812030075188 1.0
44 0.4323308270676691 0.5 0.12406015037593986 1.0
40 0.5451127819548872 0.5 0.12406015037593986 1.0
52 0.6578947368421052 0.5 0.12406015037593986 1.0
58 0.744360902255639 0.5 0.0661654135338346 1.0
48 0.8308270676691728 0.5 0.12406015037593986 1.0
45 0.9379699248120301 0.5 0.12406015037593986 1.0
