60 0.03987341772151899 0.5 0.07974683544303798 1.0
44 0.12341772151898735 0.5 0.10443037974683546 1.0
51 0.21835443037974686 0.5 0.10443037974683546 1.0
53 0.31329113924050633 0.5 0.10443037974683546 1.0
58 0.38607594936708867 0.5 0.055696202531645575 1.0
60 0.44936708860759494 0.5 0.08354430379746837 1.0
44 0.5348101265822786 0.5 0.10443037974683546 1.0
64 0.6582278481012658 0.5 0.16708860759493674 1.0
44 0.7816455696202532 0.5 0.10443037974683546 1.0
48 0.8765822784810128 0.5 0.10443037974683546 1.0
61 0.9582278481012658 0.5 0.08354430379746837 1.0
