63 0.04701492537313433 0.5 0.09402985074626866 1.0
40 0.1455223880597015 0.5 0.12313432835820896 1.0
41 0.2574626865671642 0.5 0.12313432835820896 1.0
60 0.35820895522388063 0.5 0.09850746268656717 1.0
58 0.43283582089552236 0.5 0.06567164179104477 1.0
42 0.5186567164179104 0.5 0.12313432835820896 1.0
40 0.6305970149253731 0.5 0.12313432835820896 1.0
61 0.7313432835820896 0.5 0.09850746268656717 1.0
44 0.832089552238806 0.5 0.12313432835820896 1.0
43 0.9384328358208955 0.5 0.12313432835820896 1.0
