60 0.048461538461538466 0.5 0.09692307692307693 1.0
44 0.15000000000000002 0.5 0.12692307692307694 1.0
52 0.2653846153846154 0.5 0.12692307692307694 1.0
58 0.35384615384615387 0.5 0.0676923076923077 1.0
43 0.44230769230769235 0.5 0.12692307692307694 1.0
44 0.5576923076923077 0.5 0.12692307692307694 1.0
48 0.6730769230769231 0.5 0.12692307692307694 1.0
61 0.776923076923077 0.5 0.10153846153846155 1.0
52 0.8807692307692309 0.5 0.12692307692307694 1.0
2 0.9661538461538461 0.5 0.0676923076923077 1.0
