44 0.06402439024390244 0.5 0.12804878048780488 1.0
59 0.15447154471544716 0.5 0.07154471544715449 1.0
40 0.24796747967479676 0.5 0.13414634146341464 1.0
52 0.3699186991869919 0.5 0.13414634146341464 1.0
61 0.4796747967479675 0.5 0.10731707317073172 1.0
58 0.5609756097560975 0.5 0.07154471544715449 1.0
42 0.6544715447154472 0.5 0.13414634146341464 1.0
58 0.7479674796747967 0.5 0.07154471544715449 1.0
61 0.8292682926829269 0.5 0.10731707317073172 1.0
56 0.9329268292682926 0.5 0.13414634146341464 1.0
