50 0.04375 0.5 0.0875 1.0
60 0.11666666666666667 0.5 0.07333333333333333 1.0
58 0.17222222222222222 0.5 0.04888888888888889 1.0
57 0.2361111111111111 0.5 0.09166666666666667 1.0
44 0.3194444444444445 0.5 0.09166666666666667 1.0
37 0.4027777777777778 0.5 0.09166666666666667 1.0
65 0.5111111111111111 0.5 0.14666666666666667 1.0
58 0.6 0.5 0.04888888888888889 1.0
48 0.6638888888888889 0.5 0.09166666666666667 1.0
48 0.7472222222222221 0.5 0.09166666666666667 1.0
58 0.8111111111111111 0.5 0.04888888888888889 1.0
48 0.8749999999999999 0.5 0.09166666666666667 1.0
45 0.9541666666666666 0.5 0.09166666666666667 1.0
