60 0.035 0.5 0.07 1.0
44 0.10833333333333334 0.5 0.09166666666666667 1.0
42 0.19166666666666665 0.5 0.09166666666666667 1.0
49 0.275 0.5 0.09166666666666667 1.0
64 0.3833333333333333 0.5 0.14666666666666667 1.0
64 0.5166666666666666 0.5 0.14666666666666667 1.0
44 0.6249999999999999 0.5 0.09166666666666667 1.0
48 0.7083333333333333 0.5 0.09166666666666667 1.0
43 0.7916666666666666 0.5 0.09166666666666667 1.0
44 0.8749999999999999 0.5 0.09166666666666667 1.0
43 0.9541666666666666 0.5 0.09166666666666667 1.0
