41 0.052500000000000005 0.5 0.10500000000000001 1.0
58 0.12666666666666668 0.5 0.05866666666666667 1.0
61 0.19333333333333336 0.5 0.08800000000000001 1.0
53 0.2833333333333333 0.5 0.11000000000000001 1.0
64 0.4133333333333334 0.5 0.17600000000000002 1.0
58 0.52 0.5 0.05866666666666667 1.0
48 0.5966666666666667 0.5 0.11000000000000001 1.0
58 0.6733333333333333 0.5 0.05866666666666667 1.0
57 0.7500000000000001 0.5 0.11000000000000001 1.0
44 0.8500000000000001 0.5 0.11000000000000001 1.0
43 0.945 0.5 0.11000000000000001 1.0
