44 0.05921052631578947 0.5 0.11842105263157894 1.0
55 0.16917293233082706 0.5 0.12406015037593986 1.0
37 0.28195488721804507 0.5 0.12406015037593986 1.0
52 0.39473684210526316 0.5 0.12406015037593986 1.0
49 0.5075187969924811 0.5 0.12406015037593986 1.0
59 0.593984962406015 0.5 0.0661654135338346 1.0
43 0.6804511278195488 0.5 0.12406015037593986 1.0
58 0.7669172932330827 0.5 0.0661654135338346 1.0
44 0.8533834586466165 0.5 0.12406015037593986 1.0
60 0.9503759398496241 0.5 0.09924812030075188 1.0
