16 0.045055970149253735 0.5 0.09011194029850747 1.0
27 0.1287313432835821 0.5 0.09440298507462687 1.0
13 0.21455223880597013 0.5 0.09440298507462687 1.0
39 0.33022388059701496 0.5 0.16007462686567167 1.0
35 0.43097014925373134 0.5 0.06156716417910448 1.0
23 0.5018656716417911 0.5 0.09440298507462687 1.0
19 0.5876865671641791 0.5 0.09440298507462687 1.0
37 0.6585820895522388 0.5 0.06156716417910448 1.0
25 0.7294776119402985 0.5 0.09440298507462687 1.0
35 0.8003731343283582 0.5 0.06156716417910448 1.0
23 0.8712686567164178 0.5 0.09440298507462687 1.0
28 0.9527985074626866 0.5 0.09440298507462687 1.0
