63 0.050806451612903224 0.5 0.10161290322580645 1.0
58 0.12903225806451613 0.5 0.07096774193548387 1.0
63 0.2096774193548387 0.5 0.10645161290322581 1.0
61 0.3064516129032258 0.5 0.10645161290322581 1.0
56 0.4153225806451613 0.5 0.13306451612903228 1.0
37 0.5362903225806452 0.5 0.13306451612903228 1.0
63 0.6451612903225806 0.5 0.10645161290322581 1.0
58 0.7258064516129032 0.5 0.07096774193548387 1.0
54 0.8185483870967742 0.5 0.13306451612903228 1.0
44 0.9334677419354839 0.5 0.13306451612903228 1.0
