50 0.053209459459459464 0.5 0.10641891891891893 1.0
40 0.15202702702702703 0.5 0.1114864864864865 1.0
50 0.2533783783783784 0.5 0.1114864864864865 1.0
44 0.3547297297297297 0.5 0.1114864864864865 1.0
60 0.44594594594594594 0.5 0.08918918918918921 1.0
37 0.5371621621621622 0.5 0.1114864864864865 1.0
42 0.6385135135135135 0.5 0.1114864864864865 1.0
59 0.7162162162162162 0.5 0.05945945945945947 1.0
58 0.7702702702702704 0.5 0.05945945945945947 1.0
50 0.847972972972973 0.5 0.1114864864864865 1.0
52 0.9442567567567568 0.5 0.1114864864864865 1.0
