54 0.05921052631578947 0.5 0.11842105263157894 1.0
58 0.14285714285714285 0.5 0.0661654135338346 1.0
45 0.22932330827067668 0.5 0.12406015037593986 1.0
49 0.3421052631578947 0.5 0.12406015037593986 1.0
60 0.44360902255639095 0.5 0.09924812030075188 1.0
49 0.5451127819548872 0.5 0.12406015037593986 1.0
53 0.6578947368421052 0.5 0.12406015037593986 1.0
52 0.7706766917293232 0.5 0.12406015037593986 1.0
59 0.8571428571428571 0.5 0.0661654135338346 1.0
56 0.9379699248120301 0.5 0.12406015037593986 1.0
