42 0.04525862068965518 0.5 0.09051724137931036 1.0
49 0.12931034482758622 0.5 0.09482758620689656 1.0
64 0.2413793103448276 0.5 0.15172413793103448 1.0
50 0.35344827586206895 0.5 0.09482758620689656 1.0
40 0.43965517241379315 0.5 0.09482758620689656 1.0
60 0.5172413793103449 0.5 0.07586206896551724 1.0
61 0.5862068965517241 0.5 0.07586206896551724 1.0
64 0.6896551724137931 0.5 0.15172413793103448 1.0
44 0.8017241379310345 0.5 0.09482758620689656 1.0
48 0.8879310344827587 0.5 0.09482758620689656 1.0
61 0.9620689655172414 0.5 0.07586206896551724 1.0
