50 0.053209459459459464 0.5 0.10641891891891893 1.0
49 0.15202702702702703 0.5 0.1114864864864865 1.0
50 0.2533783783783784 0.5 0.1114864864864865 1.0
53 0.3547297297297297 0.5 0.1114864864864865 1.0
59 0.43243243243243246 0.5 0.05945945945945947 1.0
40 0.5101351351351352 0.5 0.1114864864864865 1.0
61 0.6013513513513514 0.5 0.08918918918918921 1.0
58 0.6689189189189189 0.5 0.05945945945945947 1.0
49 0.7466216216216216 0.5 0.1114864864864865 1.0
48 0.847972972972973 0.5 0.1114864864864865 1.0
52 0.9442567567567568 0.5 0.1114864864864865 1.0
