52 0.041666666666666664 0.5 0.08333333333333333 1.0
42 0.11904761904761904 0.5 0.08730158730158731 1.0
46 0.1984126984126984 0.5 0.08730158730158731 1.0
49 0.2777777777777778 0.5 0.08730158730158731 1.0
49 0.3571428571428571 0.5 0.08730158730158731 1.0
59 0.41798941798941797 0.5 0.04656084656084656 1.0
37 0.47883597883597884 0.5 0.08730158730158731 1.0
59 0.5396825396825397 0.5 0.04656084656084656 1.0
44 0.6005291005291005 0.5 0.08730158730158731 1.0
40 0.6798941798941799 0.5 0.08730158730158731 1.0
54 0.7592592592592592 0.5 0.08730158730158731 1.0
58 0.82010582010582 0.5 0.04656084656084656 1.0
48 0.8809523809523808 0.5 0.08730158730158731 1.0
45 0.9563492063492064 0.5 0.08730158730158731 1.0
