53 0.05015923566878981 0.5 0.10031847133757962 1.0
48 0.14331210191082805 0.5 0.1050955414012739 1.0
43 0.23885350318471338 0.5 0.1050955414012739 1.0
44 0.33439490445859876 0.5 0.1050955414012739 1.0
60 0.42038216560509556 0.5 0.08407643312101912 1.0
64 0.535031847133758 0.5 0.16815286624203823 1.0
58 0.6369426751592356 0.5 0.05605095541401275 1.0
48 0.7101910828025478 0.5 0.1050955414012739 1.0
58 0.7834394904458599 0.5 0.05605095541401275 1.0
48 0.856687898089172 0.5 0.1050955414012739 1.0
45 0.947452229299363 0.5 0.1050955414012739 1.0
