29 0.0827054794520548 0.5 0.1654109589041096 1.0
60 0.19863013698630136 0.5 0.09041095890410959 1.0
40 0.2910958904109589 0.5 0.113013698630137 1.0
54 0.39383561643835613 0.5 0.113013698630137 1.0
44 0.4965753424657534 0.5 0.113013698630137 1.0
59 0.5753424657534246 0.5 0.06027397260273973 1.0
59 0.6301369863013698 0.5 0.06027397260273973 1.0
44 0.708904109589041 0.5 0.113013698630137 1.0
60 0.8013698630136985 0.5 0.09041095890410959 1.0
2 0.8698630136986301 0.5 0.06027397260273973 1.0
52 0.9434931506849316 0.5 0.113013698630137 1.0
