64 0.0642857142857143 0.5 0.1285714285714286 1.0
58 0.14285714285714285 0.5 0.044897959183673466 1.0
48 0.20153061224489793 0.5 0.08418367346938777 1.0
44 0.2780612244897959 0.5 0.08418367346938777 1.0
37 0.3545918367346939 0.5 0.08418367346938777 1.0
65 0.45408163265306123 0.5 0.1346938775510204 1.0
49 0.5535714285714285 0.5 0.08418367346938777 1.0
60 0.6224489795918368 0.5 0.0673469387755102 1.0
47 0.6913265306122448 0.5 0.08418367346938777 1.0
58 0.75 0.5 0.044897959183673466 1.0
48 0.8086734693877551 0.5 0.08418367346938777 1.0
45 0.885204081632653 0.5 0.08418367346938777 1.0
52 0.9579081632653061 0.5 0.08418367346938777 1.0
