52 0.04326923076923077 0.5 0.08653846153846154 1.0
40 0.12362637362637363 0.5 0.09065934065934067 1.0
48 0.20604395604395603 0.5 0.09065934065934067 1.0
43 0.2884615384615385 0.5 0.09065934065934067 1.0
56 0.3708791208791209 0.5 0.09065934065934067 1.0
37 0.4532967032967033 0.5 0.09065934065934067 1.0
63 0.5274725274725275 0.5 0.07252747252747253 1.0
59 0.5824175824175825 0.5 0.04835164835164836 1.0
49 0.6456043956043955 0.5 0.09065934065934067 1.0
49 0.728021978021978 0.5 0.09065934065934067 1.0
60 0.8021978021978022 0.5 0.07252747252747253 1.0
44 0.8763736263736264 0.5 0.09065934065934067 1.0
43 0.9546703296703296 0.5 0.09065934065934067 1.0
