52 0.057904411764705885 0.5 0.11580882352941177 1.0
46 0.16544117647058823 0.5 0.12132352941176472 1.0
44 0.2757352941176471 0.5 0.12132352941176472 1.0
59 0.3602941176470588 0.5 0.06470588235294118 1.0
59 0.41911764705882354 0.5 0.06470588235294118 1.0
37 0.5036764705882353 0.5 0.12132352941176472 1.0
42 0.6139705882352942 0.5 0.12132352941176472 1.0
40 0.7242647058823529 0.5 0.12132352941176472 1.0
52 0.8345588235294118 0.5 0.12132352941176472 1.0
44 0.9393382352941176 0.5 0.12132352941176472 1.0
