46 0.05468750000000001 0.5 0.10937500000000001 1.0
40 0.15625 0.5 0.11458333333333334 1.0
59 0.2361111111111111 0.5 0.061111111111111116 1.0
59 0.2916666666666667 0.5 0.061111111111111116 1.0
37 0.37152777777777773 0.5 0.11458333333333334 1.0
64 0.5069444444444444 0.5 0.18333333333333335 1.0
58 0.6180555555555556 0.5 0.061111111111111116 1.0
60 0.6875 0.5 0.09166666666666667 1.0
60 0.7708333333333333 0.5 0.09166666666666667 1.0
49 0.8645833333333334 0.5 0.11458333333333334 1.0
60 0.9541666666666666 0.5 0.09166666666666667 1.0
