43 0.042112299465240643 0.5 0.08422459893048129 1.0
49 0.12032085561497327 0.5 0.08823529411764706 1.0
37 0.20053475935828877 0.5 0.08823529411764706 1.0
58 0.2620320855614973 0.5 0.047058823529411764 1.0
61 0.31550802139037437 0.5 0.07058823529411766 1.0
37 0.3877005347593583 0.5 0.08823529411764706 1.0
56 0.4679144385026738 0.5 0.08823529411764706 1.0
49 0.5481283422459894 0.5 0.08823529411764706 1.0
53 0.6283422459893049 0.5 0.08823529411764706 1.0
60 0.7005347593582888 0.5 0.07058823529411766 1.0
52 0.7727272727272728 0.5 0.08823529411764706 1.0
44 0.8529411764705883 0.5 0.08823529411764706 1.0
59 0.9144385026737968 0.5 0.047058823529411764 1.0
63 0.9647058823529412 0.5 0.07058823529411766 1.0
