46 0.046052631578947366 0.5 0.09210526315789473 1.0
49 0.13157894736842105 0.5 0.09649122807017545 1.0
64 0.24561403508771928 0.5 0.1543859649122807 1.0
49 0.35964912280701755 0.5 0.09649122807017545 1.0
44 0.4473684210526315 0.5 0.09649122807017545 1.0
49 0.5350877192982456 0.5 0.09649122807017545 1.0
50 0.6228070175438597 0.5 0.09649122807017545 1.0
40 0.7105263157894737 0.5 0.09649122807017545 1.0
61 0.7894736842105262 0.5 0.07719298245614035 1.0
46 0.8684210526315789 0.5 0.09649122807017545 1.0
56 0.9517543859649122 0.5 0.09649122807017545 1.0
