40 0.05147058823529412 0.5 0.10294117647058824 1.0
48 0.14705882352941177 0.5 0.10784313725490197 1.0
61 0.23529411764705882 0.5 0.08627450980392158 1.0
58 0.30065359477124187 0.5 0.05751633986928105 1.0
42 0.3758169934640523 0.5 0.10784313725490197 1.0
58 0.45098039215686275 0.5 0.05751633986928105 1.0
50 0.5261437908496732 0.5 0.10784313725490197 1.0
40 0.6241830065359477 0.5 0.10784313725490197 1.0
61 0.7124183006535948 0.5 0.08627450980392158 1.0
58 0.7777777777777778 0.5 0.05751633986928105 1.0
48 0.8529411764705883 0.5 0.10784313725490197 1.0
45 0.946078431372549 0.5 0.10784313725490197 1.0
