58 0.03414634146341464 0.5 0.06829268292682927 1.0
48 0.12601626016260165 0.5 0.13414634146341464 1.0
43 0.24796747967479676 0.5 0.13414634146341464 1.0
58 0.34146341463414637 0.5 0.07154471544715449 1.0
60 0.42276422764227645 0.5 0.10731707317073172 1.0
44 0.532520325203252 0.5 0.13414634146341464 1.0
42 0.6544715447154472 0.5 0.13414634146341464 1.0
61 0.7642276422764228 0.5 0.10731707317073172 1.0
59 0.8455284552845528 0.5 0.07154471544715449 1.0
56 0.9329268292682926 0.5 0.13414634146341464 1.0
