58 0.03134328358208955 0.5 0.0626865671641791 1.0
43 0.11567164179104478 0.5 0.12313432835820896 1.0
44 0.22761194029850745 0.5 0.12313432835820896 1.0
48 0.33955223880597013 0.5 0.12313432835820896 1.0
61 0.4402985074626866 0.5 0.09850746268656717 1.0
58 0.5149253731343284 0.5 0.06567164179104477 1.0
42 0.6007462686567164 0.5 0.12313432835820896 1.0
40 0.7126865671641791 0.5 0.12313432835820896 1.0
59 0.7985074626865671 0.5 0.06567164179104477 1.0
59 0.8582089552238806 0.5 0.06567164179104477 1.0
56 0.9384328358208955 0.5 0.12313432835820896 1.0
