58 0.024705882352941178 0.5 0.049411764705882356 1.0
64 0.11764705882352941 0.5 0.15529411764705883 1.0
50 0.2323529411764706 0.5 0.09705882352941178 1.0
60 0.31176470588235294 0.5 0.07764705882352942 1.0
49 0.3911764705882353 0.5 0.09705882352941178 1.0
54 0.47941176470588237 0.5 0.09705882352941178 1.0
44 0.5676470588235294 0.5 0.09705882352941178 1.0
64 0.6823529411764706 0.5 0.15529411764705883 1.0
44 0.7970588235294117 0.5 0.09705882352941178 1.0
48 0.8852941176470588 0.5 0.09705882352941178 1.0
61 0.9611764705882353 0.5 0.07764705882352942 1.0
