52 0.04399441340782123 0.5 0.08798882681564246 1.0
61 0.11731843575418993 0.5 0.07374301675977654 1.0
60 0.18435754189944134 0.5 0.07374301675977654 1.0
40 0.25977653631284914 0.5 0.09217877094972067 1.0
58 0.3240223463687151 0.5 0.04916201117318436 1.0
45 0.38826815642458096 0.5 0.09217877094972067 1.0
46 0.4720670391061452 0.5 0.09217877094972067 1.0
61 0.547486033519553 0.5 0.07374301675977654 1.0
37 0.6229050279329609 0.5 0.09217877094972067 1.0
44 0.7067039106145252 0.5 0.09217877094972067 1.0
43 0.7905027932960894 0.5 0.09217877094972067 1.0
45 0.8743016759776536 0.5 0.09217877094972067 1.0
44 0.9539106145251397 0.5 0.09217877094972067 1.0
