52 0.04801829268292683 0.5 0.09603658536585366 1.0
61 0.12804878048780488 0.5 0.08048780487804878 1.0
60 0.20121951219512194 0.5 0.08048780487804878 1.0
40 0.28353658536585363 0.5 0.10060975609756098 1.0
58 0.35365853658536583 0.5 0.05365853658536586 1.0
45 0.42378048780487804 0.5 0.10060975609756098 1.0
46 0.5152439024390244 0.5 0.10060975609756098 1.0
61 0.5975609756097561 0.5 0.08048780487804878 1.0
48 0.6798780487804879 0.5 0.10060975609756098 1.0
44 0.7713414634146342 0.5 0.10060975609756098 1.0
52 0.8628048780487805 0.5 0.10060975609756098 1.0
52 0.9496951219512195 0.5 0.10060975609756098 1.0
