4 0.04632352941176471 0.5 0.09264705882352942 1.0
8 0.1323529411764706 0.5 0.09705882352941178 1.0
37 0.22058823529411767 0.5 0.09705882352941178 1.0
56 0.3088235294117647 0.5 0.09705882352941178 1.0
44 0.3970588235294118 0.5 0.09705882352941178 1.0
40 0.4852941176470589 0.5 0.09705882352941178 1.0
60 0.5647058823529412 0.5 0.07764705882352942 1.0
37 0.6441176470588236 0.5 0.09705882352941178 1.0
49 0.7323529411764705 0.5 0.09705882352941178 1.0
59 0.8 0.5 0.05176470588235294 1.0
43 0.8676470588235294 0.5 0.09705882352941178 1.0
52 0.9514705882352941 0.5 0.09705882352941178 1.0
