39 0.09523255813953489 0.5 0.19046511627906978 1.0
49 0.21627906976744188 0.5 0.07674418604651163 1.0
59 0.26976744186046514 0.5 0.04093023255813954 1.0
54 0.3232558139534884 0.5 0.07674418604651163 1.0
44 0.39302325581395353 0.5 0.07674418604651163 1.0
60 0.45581395348837206 0.5 0.061395348837209304 1.0
46 0.5186046511627906 0.5 0.07674418604651163 1.0
40 0.5883720930232558 0.5 0.07674418604651163 1.0
64 0.6790697674418604 0.5 0.12279069767441861 1.0
50 0.7697674418604651 0.5 0.07674418604651163 1.0
61 0.8325581395348838 0.5 0.061395348837209304 1.0
49 0.8953488372093023 0.5 0.07674418604651163 1.0
48 0.9616279069767442 0.5 0.07674418604651163 1.0
