15 0.07944078947368421 0.5 0.15888157894736843 1.0
49 0.2006578947368421 0.5 0.10855263157894737 1.0
48 0.2993421052631579 0.5 0.10855263157894737 1.0
63 0.38815789473684215 0.5 0.0868421052631579 1.0
44 0.4769736842105263 0.5 0.10855263157894737 1.0
60 0.5657894736842105 0.5 0.0868421052631579 1.0
44 0.6546052631578947 0.5 0.10855263157894737 1.0
48 0.7532894736842105 0.5 0.10855263157894737 1.0
42 0.8519736842105262 0.5 0.10855263157894737 1.0
44 0.9457236842105263 0.5 0.10855263157894737 1.0
