60 0.03315789473684211 0.5 0.06631578947368422 1.0
44 0.10263157894736842 0.5 0.0868421052631579 1.0
37 0.18157894736842106 0.5 0.0868421052631579 1.0
44 0.26052631578947366 0.5 0.0868421052631579 1.0
52 0.3394736842105263 0.5 0.0868421052631579 1.0
61 0.41052631578947363 0.5 0.06947368421052633 1.0
40 0.48157894736842105 0.5 0.0868421052631579 1.0
41 0.5605263157894737 0.5 0.0868421052631579 1.0
59 0.6210526315789473 0.5 0.04631578947368421 1.0
58 0.6631578947368421 0.5 0.04631578947368421 1.0
52 0.7236842105263158 0.5 0.0868421052631579 1.0
46 0.8026315789473684 0.5 0.0868421052631579 1.0
44 0.881578947368421 0.5 0.0868421052631579 1.0
43 0.9565789473684211 0.5 0.0868421052631579 1.0
