58 0.03134328358208955 0.5 0.0626865671641791 1.0
59 0.08955223880597014 0.5 0.06567164179104477 1.0
59 0.14925373134328357 0.5 0.06567164179104477 1.0
37 0.23507462686567163 0.5 0.12313432835820896 1.0
43 0.34701492537313433 0.5 0.12313432835820896 1.0
44 0.458955223880597 0.5 0.12313432835820896 1.0
63 0.5597014925373135 0.5 0.09850746268656717 1.0
58 0.6343283582089552 0.5 0.06567164179104477 1.0
48 0.7201492537313433 0.5 0.12313432835820896 1.0
44 0.832089552238806 0.5 0.12313432835820896 1.0
43 0.9384328358208955 0.5 0.12313432835820896 1.0
