40 0.05665467625899281 0.5 0.11330935251798561 1.0
43 0.1618705035971223 0.5 0.11870503597122302 1.0
64 0.302158273381295 0.5 0.18992805755395686 1.0
58 0.4172661870503597 0.5 0.06330935251798563 1.0
60 0.4892086330935252 0.5 0.09496402877697843 1.0
40 0.5863309352517986 0.5 0.11870503597122302 1.0
61 0.6834532374100719 0.5 0.09496402877697843 1.0
58 0.7553956834532375 0.5 0.06330935251798563 1.0
49 0.8381294964028777 0.5 0.11870503597122302 1.0
48 0.9406474820143885 0.5 0.11870503597122302 1.0
