52 0.05015923566878981 0.5 0.10031847133757962 1.0
44 0.14331210191082805 0.5 0.1050955414012739 1.0
59 0.21656050955414013 0.5 0.05605095541401275 1.0
63 0.2802547770700637 0.5 0.08407643312101912 1.0
37 0.36624203821656054 0.5 0.1050955414012739 1.0
42 0.46178343949044587 0.5 0.1050955414012739 1.0
49 0.5573248407643312 0.5 0.1050955414012739 1.0
48 0.6528662420382166 0.5 0.1050955414012739 1.0
61 0.7388535031847134 0.5 0.08407643312101912 1.0
60 0.8152866242038217 0.5 0.08407643312101912 1.0
49 0.9012738853503185 0.5 0.1050955414012739 1.0
59 0.9719745222929936 0.5 0.05605095541401275 1.0
