58 0.025 0.5 0.05 1.0
48 0.09226190476190477 0.5 0.09821428571428573 1.0
54 0.18154761904761907 0.5 0.09821428571428573 1.0
44 0.2708333333333333 0.5 0.09821428571428573 1.0
52 0.3601190476190476 0.5 0.09821428571428573 1.0
61 0.44047619047619047 0.5 0.07857142857142857 1.0
58 0.5 0.5 0.05238095238095238 1.0
45 0.5684523809523809 0.5 0.09821428571428573 1.0
40 0.6577380952380952 0.5 0.09821428571428573 1.0
61 0.738095238095238 0.5 0.07857142857142857 1.0
58 0.7976190476190477 0.5 0.05238095238095238 1.0
49 0.8660714285714285 0.5 0.09821428571428573 1.0
48 0.9508928571428571 0.5 0.09821428571428573 1.0
