63 0.045323741007194246 0.5 0.09064748201438849 1.0
58 0.11510791366906475 0.5 0.06330935251798563 1.0
48 0.19784172661870503 0.5 0.11870503597122302 1.0
45 0.3057553956834532 0.5 0.11870503597122302 1.0
44 0.4136690647482014 0.5 0.11870503597122302 1.0
60 0.5107913669064748 0.5 0.09496402877697843 1.0
50 0.6079136690647482 0.5 0.11870503597122302 1.0
60 0.7050359712230215 0.5 0.09496402877697843 1.0
58 0.7769784172661871 0.5 0.06330935251798563 1.0
48 0.8597122302158273 0.5 0.11870503597122302 1.0
61 0.9525179856115108 0.5 0.09496402877697843 1.0
