28 0.05977722772277228 0.5 0.11955445544554456 1.0
53 0.15099009900990099 0.5 0.08168316831683169 1.0
50 0.22524752475247525 0.5 0.08168316831683169 1.0
44 0.2995049504950495 0.5 0.08168316831683169 1.0
60 0.36633663366336633 0.5 0.06534653465346535 1.0
58 0.4158415841584159 0.5 0.04356435643564357 1.0
48 0.47277227722772275 0.5 0.08168316831683169 1.0
61 0.5396039603960396 0.5 0.06534653465346535 1.0
44 0.6064356435643564 0.5 0.08168316831683169 1.0
48 0.6806930693069307 0.5 0.08168316831683169 1.0
43 0.754950495049505 0.5 0.08168316831683169 1.0
44 0.8292079207920792 0.5 0.08168316831683169 1.0
48 0.9034653465346535 0.5 0.08168316831683169 1.0
61 0.9673267326732673 0.5 0.06534653465346535 1.0
