42 0.03860294117647059 0.5 0.07720588235294118 1.0
49 0.11029411764705882 0.5 0.08088235294117647 1.0
60 0.17647058823529413 0.5 0.06470588235294118 1.0
60 0.23529411764705882 0.5 0.06470588235294118 1.0
44 0.3014705882352941 0.5 0.08088235294117647 1.0
52 0.375 0.5 0.08088235294117647 1.0
50 0.44852941176470584 0.5 0.08088235294117647 1.0
49 0.5220588235294118 0.5 0.08088235294117647 1.0
48 0.5955882352941176 0.5 0.08088235294117647 1.0
43 0.6691176470588235 0.5 0.08088235294117647 1.0
44 0.7426470588235294 0.5 0.08088235294117647 1.0
48 0.8161764705882353 0.5 0.08088235294117647 1.0
42 0.8897058823529412 0.5 0.08088235294117647 1.0
44 0.9595588235294118 0.5 0.08088235294117647 1.0
