13 0.07740384615384616 0.5 0.1548076923076923 1.0
60 0.1858974358974359 0.5 0.08461538461538462 1.0
42 0.27243589743589747 0.5 0.10576923076923078 1.0
46 0.3685897435897436 0.5 0.10576923076923078 1.0
58 0.44230769230769235 0.5 0.05641025641025641 1.0
50 0.5160256410256411 0.5 0.10576923076923078 1.0
44 0.6121794871794872 0.5 0.10576923076923078 1.0
59 0.6858974358974359 0.5 0.05641025641025641 1.0
40 0.7596153846153847 0.5 0.10576923076923078 1.0
45 0.8557692307692308 0.5 0.10576923076923078 1.0
49 0.9471153846153846 0.5 0.10576923076923078 1.0
