35 0.04399441340782123 0.5 0.08798882681564246 1.0
48 0.12569832402234637 0.5 0.09217877094972067 1.0
61 0.20111731843575417 0.5 0.07374301675977654 1.0
44 0.27653631284916197 0.5 0.09217877094972067 1.0
60 0.35195530726256985 0.5 0.07374301675977654 1.0
37 0.4273743016759776 0.5 0.09217877094972067 1.0
35 0.5111731843575419 0.5 0.09217877094972067 1.0
48 0.5949720670391062 0.5 0.09217877094972067 1.0
52 0.6787709497206704 0.5 0.09217877094972067 1.0
53 0.7625698324022346 0.5 0.09217877094972067 1.0
59 0.8268156424581005 0.5 0.04916201117318436 1.0
40 0.8910614525139665 0.5 0.09217877094972067 1.0
60 0.9631284916201117 0.5 0.07374301675977654 1.0
