28 0.0464423076923077 0.5 0.0928846153846154 1.0
30 0.1326923076923077 0.5 0.09730769230769232 1.0
18 0.22115384615384617 0.5 0.09730769230769232 1.0
18 0.3096153846153846 0.5 0.09730769230769232 1.0
35 0.3826923076923077 0.5 0.06346153846153847 1.0
15 0.4557692307692308 0.5 0.09730769230769232 1.0
35 0.5288461538461539 0.5 0.06346153846153847 1.0
17 0.6019230769230769 0.5 0.09730769230769232 1.0
23 0.6903846153846154 0.5 0.09730769230769232 1.0
29 0.7788461538461539 0.5 0.09730769230769232 1.0
22 0.8673076923076923 0.5 0.09730769230769232 1.0
33 0.9513461538461538 0.5 0.09730769230769232 1.0
