65 0.09064748201438849 0.5 0.18129496402877698 1.0
44 0.22661870503597123 0.5 0.11870503597122302 1.0
52 0.33453237410071945 0.5 0.11870503597122302 1.0
61 0.43165467625899284 0.5 0.09496402877697843 1.0
44 0.5287769784172662 0.5 0.11870503597122302 1.0
60 0.6258992805755396 0.5 0.09496402877697843 1.0
59 0.6978417266187051 0.5 0.06330935251798563 1.0
58 0.7553956834532375 0.5 0.06330935251798563 1.0
44 0.8381294964028777 0.5 0.11870503597122302 1.0
52 0.9406474820143885 0.5 0.11870503597122302 1.0
