50 0.049528301886792456 0.5 0.09905660377358491 1.0
60 0.1320754716981132 0.5 0.08301886792452831 1.0
44 0.2169811320754717 0.5 0.1037735849056604 1.0
43 0.3113207547169811 0.5 0.1037735849056604 1.0
44 0.4056603773584906 0.5 0.1037735849056604 1.0
42 0.5 0.5 0.1037735849056604 1.0
44 0.5943396226415094 0.5 0.1037735849056604 1.0
52 0.6886792452830189 0.5 0.1037735849056604 1.0
52 0.7830188679245284 0.5 0.1037735849056604 1.0
49 0.8773584905660378 0.5 0.1037735849056604 1.0
60 0.9584905660377359 0.5 0.08301886792452831 1.0
