50 0.05585106382978724 0.5 0.11170212765957448 1.0
53 0.1595744680851064 0.5 0.1170212765957447 1.0
41 0.26595744680851063 0.5 0.1170212765957447 1.0
59 0.3475177304964539 0.5 0.0624113475177305 1.0
58 0.40425531914893614 0.5 0.0624113475177305 1.0
42 0.48581560283687947 0.5 0.1170212765957447 1.0
40 0.5921985815602837 0.5 0.1170212765957447 1.0
61 0.6879432624113475 0.5 0.09361702127659575 1.0
58 0.7588652482269505 0.5 0.0624113475177305 1.0
49 0.8404255319148937 0.5 0.1170212765957447 1.0
48 0.9414893617021276 0.5 0.1170212765957447 1.0
