61 0.03620689655172414 0.5 0.07241379310344828 1.0
44 0.11206896551724138 0.5 0.09482758620689656 1.0
64 0.22413793103448276 0.5 0.15172413793103448 1.0
50 0.3362068965517242 0.5 0.09482758620689656 1.0
44 0.4224137931034483 0.5 0.09482758620689656 1.0
60 0.5 0.5 0.07586206896551724 1.0
40 0.5775862068965518 0.5 0.09482758620689656 1.0
64 0.6896551724137931 0.5 0.15172413793103448 1.0
44 0.8017241379310345 0.5 0.09482758620689656 1.0
48 0.8879310344827587 0.5 0.09482758620689656 1.0
61 0.9620689655172414 0.5 0.07586206896551724 1.0
