42 0.05113636363636364 0.5 0.10227272727272728 1.0
53 0.14610389610389612 0.5 0.10714285714285715 1.0
52 0.2435064935064935 0.5 0.10714285714285715 1.0
61 0.3311688311688312 0.5 0.08571428571428572 1.0
49 0.41883116883116883 0.5 0.10714285714285715 1.0
64 0.5454545454545455 0.5 0.17142857142857143 1.0
40 0.672077922077922 0.5 0.10714285714285715 1.0
60 0.7597402597402597 0.5 0.08571428571428572 1.0
58 0.8246753246753247 0.5 0.05714285714285715 1.0
59 0.8766233766233766 0.5 0.05714285714285715 1.0
56 0.9464285714285714 0.5 0.10714285714285715 1.0
