48 0.05048076923076924 0.5 0.10096153846153848 1.0
44 0.14423076923076925 0.5 0.10576923076923078 1.0
65 0.2692307692307693 0.5 0.16923076923076924 1.0
52 0.3942307692307692 0.5 0.10576923076923078 1.0
50 0.4903846153846154 0.5 0.10576923076923078 1.0
40 0.5865384615384617 0.5 0.10576923076923078 1.0
50 0.6826923076923078 0.5 0.10576923076923078 1.0
44 0.778846153846154 0.5 0.10576923076923078 1.0
60 0.8653846153846154 0.5 0.08461538461538462 1.0
52 0.9471153846153846 0.5 0.10576923076923078 1.0
