43 0.05921052631578947 0.5 0.11842105263157894 1.0
44 0.16917293233082706 0.5 0.12406015037593986 1.0
52 0.28195488721804507 0.5 0.12406015037593986 1.0
49 0.39473684210526316 0.5 0.12406015037593986 1.0
59 0.48120300751879697 0.5 0.0661654135338346 1.0
40 0.5676691729323308 0.5 0.12406015037593986 1.0
61 0.669172932330827 0.5 0.09924812030075188 1.0
58 0.744360902255639 0.5 0.0661654135338346 1.0
49 0.8308270676691728 0.5 0.12406015037593986 1.0
48 0.9379699248120301 0.5 0.12406015037593986 1.0
