64 0.07777777777777778 0.5 0.15555555555555556 1.0
40 0.19444444444444442 0.5 0.10185185185185186 1.0
61 0.2777777777777778 0.5 0.08148148148148149 1.0
44 0.36111111111111105 0.5 0.10185185185185186 1.0
60 0.4444444444444444 0.5 0.08148148148148149 1.0
58 0.5061728395061729 0.5 0.05432098765432099 1.0
40 0.5771604938271604 0.5 0.10185185185185186 1.0
59 0.6481481481481481 0.5 0.05432098765432099 1.0
58 0.6975308641975309 0.5 0.05432098765432099 1.0
52 0.7685185185185185 0.5 0.10185185185185186 1.0
44 0.861111111111111 0.5 0.10185185185185186 1.0
43 0.9490740740740741 0.5 0.10185185185185186 1.0
