20 0.08687050359712231 0.5 0.17374100719424462 1.0
49 0.21942446043165467 0.5 0.11870503597122302 1.0
52 0.32733812949640284 0.5 0.11870503597122302 1.0
61 0.42446043165467623 0.5 0.09496402877697843 1.0
44 0.5215827338129496 0.5 0.11870503597122302 1.0
61 0.618705035971223 0.5 0.09496402877697843 1.0
61 0.7050359712230215 0.5 0.09496402877697843 1.0
59 0.7769784172661871 0.5 0.06330935251798563 1.0
44 0.8597122302158273 0.5 0.11870503597122302 1.0
60 0.9525179856115108 0.5 0.09496402877697843 1.0
