40 0.04861111111111111 0.5 0.09722222222222222 1.0
59 0.11728395061728394 0.5 0.05432098765432099 1.0
59 0.16666666666666666 0.5 0.05432098765432099 1.0
37 0.23765432098765432 0.5 0.10185185185185186 1.0
50 0.3302469135802469 0.5 0.10185185185185186 1.0
49 0.4228395061728395 0.5 0.10185185185185186 1.0
65 0.5432098765432098 0.5 0.16296296296296298 1.0
44 0.6635802469135802 0.5 0.10185185185185186 1.0
60 0.7469135802469136 0.5 0.08148148148148149 1.0
63 0.8209876543209875 0.5 0.08148148148148149 1.0
53 0.9043209876543209 0.5 0.10185185185185186 1.0
59 0.9728395061728395 0.5 0.05432098765432099 1.0
