42 0.041666666666666664 0.5 0.08333333333333333 1.0
49 0.11904761904761904 0.5 0.08730158730158731 1.0
53 0.1984126984126984 0.5 0.08730158730158731 1.0
48 0.2777777777777778 0.5 0.08730158730158731 1.0
61 0.3492063492063492 0.5 0.06984126984126984 1.0
44 0.4206349206349206 0.5 0.08730158730158731 1.0
60 0.49206349206349204 0.5 0.06984126984126984 1.0
37 0.5634920634920634 0.5 0.08730158730158731 1.0
42 0.6428571428571428 0.5 0.08730158730158731 1.0
46 0.7222222222222222 0.5 0.08730158730158731 1.0
44 0.8015873015873015 0.5 0.08730158730158731 1.0
42 0.8809523809523808 0.5 0.08730158730158731 1.0
47 0.9563492063492064 0.5 0.08730158730158731 1.0
