52 0.05431034482758621 0.5 0.10862068965517242 1.0
61 0.14482758620689656 0.5 0.0910344827586207 1.0
58 0.21379310344827585 0.5 0.0606896551724138 1.0
50 0.29310344827586204 0.5 0.11379310344827587 1.0
44 0.39655172413793105 0.5 0.11379310344827587 1.0
48 0.5 0.5 0.11379310344827587 1.0
43 0.603448275862069 0.5 0.11379310344827587 1.0
58 0.6827586206896552 0.5 0.0606896551724138 1.0
40 0.7620689655172413 0.5 0.11379310344827587 1.0
60 0.8551724137931034 0.5 0.0910344827586207 1.0
56 0.943103448275862 0.5 0.11379310344827587 1.0
