61 0.040127388535031845 0.5 0.08025477707006369 1.0
46 0.12420382165605096 0.5 0.1050955414012739 1.0
49 0.2197452229299363 0.5 0.1050955414012739 1.0
53 0.31528662420382164 0.5 0.1050955414012739 1.0
45 0.410828025477707 0.5 0.1050955414012739 1.0
46 0.5063694267515924 0.5 0.1050955414012739 1.0
61 0.5923566878980892 0.5 0.08407643312101912 1.0
63 0.6687898089171975 0.5 0.08407643312101912 1.0
53 0.7547770700636943 0.5 0.1050955414012739 1.0
59 0.8280254777070064 0.5 0.05605095541401275 1.0
59 0.8789808917197452 0.5 0.05605095541401275 1.0
56 0.947452229299363 0.5 0.1050955414012739 1.0
