52 0.05665467625899281 0.5 0.11330935251798561 1.0
61 0.1510791366906475 0.5 0.09496402877697843 1.0
58 0.22302158273381295 0.5 0.06330935251798563 1.0
64 0.3381294964028777 0.5 0.18992805755395686 1.0
53 0.4784172661870504 0.5 0.11870503597122302 1.0
59 0.5611510791366907 0.5 0.06330935251798563 1.0
40 0.6438848920863309 0.5 0.11870503597122302 1.0
61 0.7410071942446043 0.5 0.09496402877697843 1.0
44 0.8381294964028777 0.5 0.11870503597122302 1.0
43 0.9406474820143885 0.5 0.11870503597122302 1.0
