65 0.08456375838926174 0.5 0.16912751677852347 1.0
58 0.1879194630872483 0.5 0.059060402684563765 1.0
43 0.2651006711409396 0.5 0.11073825503355705 1.0
44 0.3657718120805369 0.5 0.11073825503355705 1.0
52 0.46644295302013417 0.5 0.11073825503355705 1.0
50 0.5671140939597314 0.5 0.11073825503355705 1.0
60 0.6577181208053691 0.5 0.08859060402684564 1.0
44 0.7483221476510067 0.5 0.11073825503355705 1.0
40 0.848993288590604 0.5 0.11073825503355705 1.0
43 0.9446308724832215 0.5 0.11073825503355705 1.0
