52 0.05180921052631579 0.5 0.10361842105263158 1.0
61 0.1381578947368421 0.5 0.0868421052631579 1.0
60 0.21710526315789475 0.5 0.0868421052631579 1.0
49 0.3059210526315789 0.5 0.10855263157894737 1.0
48 0.40460526315789475 0.5 0.10855263157894737 1.0
45 0.5032894736842105 0.5 0.10855263157894737 1.0
46 0.6019736842105262 0.5 0.10855263157894737 1.0
49 0.700657894736842 0.5 0.10855263157894737 1.0
59 0.7763157894736842 0.5 0.05789473684210526 1.0
43 0.8519736842105262 0.5 0.10855263157894737 1.0
52 0.9457236842105263 0.5 0.10855263157894737 1.0
