42 0.053571428571428575 0.5 0.10714285714285715 1.0
49 0.15306122448979592 0.5 0.11224489795918369 1.0
53 0.25510204081632654 0.5 0.11224489795918369 1.0
60 0.3469387755102041 0.5 0.08979591836734693 1.0
40 0.4387755102040816 0.5 0.11224489795918369 1.0
45 0.5408163265306123 0.5 0.11224489795918369 1.0
44 0.6428571428571428 0.5 0.11224489795918369 1.0
49 0.7448979591836735 0.5 0.11224489795918369 1.0
53 0.846938775510204 0.5 0.11224489795918369 1.0
52 0.9438775510204082 0.5 0.11224489795918369 1.0
