49 0.049528301886792456 0.5 0.09905660377358491 1.0
42 0.14150943396226418 0.5 0.1037735849056604 1.0
42 0.2358490566037736 0.5 0.1037735849056604 1.0
40 0.33018867924528306 0.5 0.1037735849056604 1.0
52 0.42452830188679247 0.5 0.1037735849056604 1.0
58 0.4968553459119497 0.5 0.05534591194968554 1.0
49 0.5691823899371069 0.5 0.1037735849056604 1.0
48 0.6635220125786164 0.5 0.1037735849056604 1.0
40 0.7578616352201258 0.5 0.1037735849056604 1.0
59 0.8301886792452831 0.5 0.05534591194968554 1.0
59 0.8805031446540881 0.5 0.05534591194968554 1.0
56 0.9481132075471698 0.5 0.1037735849056604 1.0
