40 0.05506993006993007 0.5 0.11013986013986014 1.0
48 0.15734265734265734 0.5 0.11538461538461539 1.0
48 0.26223776223776224 0.5 0.11538461538461539 1.0
49 0.36713286713286714 0.5 0.11538461538461539 1.0
53 0.47202797202797203 0.5 0.11538461538461539 1.0
48 0.5769230769230769 0.5 0.11538461538461539 1.0
42 0.6818181818181819 0.5 0.11538461538461539 1.0
58 0.7622377622377623 0.5 0.06153846153846154 1.0
48 0.8426573426573427 0.5 0.11538461538461539 1.0
45 0.9423076923076923 0.5 0.11538461538461539 1.0
