44 0.053209459459459464 0.5 0.10641891891891893 1.0
55 0.15202702702702703 0.5 0.1114864864864865 1.0
44 0.2533783783783784 0.5 0.1114864864864865 1.0
42 0.3547297297297297 0.5 0.1114864864864865 1.0
53 0.4560810810810811 0.5 0.1114864864864865 1.0
61 0.5472972972972974 0.5 0.08918918918918921 1.0
58 0.6148648648648649 0.5 0.05945945945945947 1.0
54 0.6925675675675675 0.5 0.1114864864864865 1.0
44 0.793918918918919 0.5 0.1114864864864865 1.0
2 0.8716216216216217 0.5 0.05945945945945947 1.0
52 0.9442567567567568 0.5 0.1114864864864865 1.0
