63 0.045323741007194246 0.5 0.09064748201438849 1.0
49 0.14028776978417268 0.5 0.11870503597122302 1.0
60 0.23741007194244607 0.5 0.09496402877697843 1.0
61 0.32374100719424465 0.5 0.09496402877697843 1.0
48 0.420863309352518 0.5 0.11870503597122302 1.0
58 0.5035971223021583 0.5 0.06330935251798563 1.0
45 0.5863309352517986 0.5 0.11870503597122302 1.0
46 0.6942446043165468 0.5 0.11870503597122302 1.0
61 0.7913669064748201 0.5 0.09496402877697843 1.0
2 0.8633093525179857 0.5 0.06330935251798563 1.0
52 0.9406474820143885 0.5 0.11870503597122302 1.0
