40 0.05113636363636364 0.5 0.10227272727272728 1.0
61 0.13636363636363635 0.5 0.08571428571428572 1.0
61 0.2142857142857143 0.5 0.08571428571428572 1.0
60 0.29220779220779225 0.5 0.08571428571428572 1.0
58 0.35714285714285715 0.5 0.05714285714285715 1.0
41 0.4318181818181818 0.5 0.10714285714285715 1.0
53 0.5292207792207793 0.5 0.10714285714285715 1.0
61 0.6168831168831169 0.5 0.08571428571428572 1.0
40 0.7045454545454546 0.5 0.10714285714285715 1.0
41 0.801948051948052 0.5 0.10714285714285715 1.0
59 0.8766233766233766 0.5 0.05714285714285715 1.0
44 0.9464285714285714 0.5 0.10714285714285715 1.0
