52 0.03804347826086957 0.5 0.07608695652173914 1.0
53 0.10869565217391305 0.5 0.07971014492753624 1.0
50 0.18115942028985507 0.5 0.07971014492753624 1.0
44 0.2536231884057971 0.5 0.07971014492753624 1.0
60 0.31884057971014496 0.5 0.063768115942029 1.0
58 0.36714975845410625 0.5 0.04251207729468599 1.0
64 0.4444444444444444 0.5 0.127536231884058 1.0
50 0.5386473429951691 0.5 0.07971014492753624 1.0
49 0.6111111111111112 0.5 0.07971014492753624 1.0
52 0.6835748792270532 0.5 0.07971014492753624 1.0
58 0.7391304347826086 0.5 0.04251207729468599 1.0
61 0.7874396135265701 0.5 0.063768115942029 1.0
58 0.8357487922705314 0.5 0.04251207729468599 1.0
49 0.891304347826087 0.5 0.07971014492753624 1.0
48 0.9601449275362319 0.5 0.07971014492753624 1.0
