60 0.035 0.5 0.07 1.0
44 0.10833333333333334 0.5 0.09166666666666667 1.0
52 0.19166666666666665 0.5 0.09166666666666667 1.0
50 0.275 0.5 0.09166666666666667 1.0
44 0.35833333333333334 0.5 0.09166666666666667 1.0
42 0.44166666666666665 0.5 0.09166666666666667 1.0
61 0.5166666666666666 0.5 0.07333333333333333 1.0
40 0.5916666666666666 0.5 0.09166666666666667 1.0
41 0.6749999999999999 0.5 0.09166666666666667 1.0
58 0.7388888888888889 0.5 0.04888888888888889 1.0
59 0.7833333333333333 0.5 0.04888888888888889 1.0
58 0.8277777777777778 0.5 0.04888888888888889 1.0
61 0.8833333333333333 0.5 0.07333333333333333 1.0
56 0.9541666666666666 0.5 0.09166666666666667 1.0
