44 0.05147058823529412 0.5 0.10294117647058824 1.0
54 0.14705882352941177 0.5 0.10784313725490197 1.0
44 0.24509803921568626 0.5 0.10784313725490197 1.0
60 0.33333333333333337 0.5 0.08627450980392158 1.0
56 0.4215686274509804 0.5 0.10784313725490197 1.0
65 0.5490196078431373 0.5 0.17254901960784316 1.0
46 0.6764705882352942 0.5 0.10784313725490197 1.0
44 0.7745098039215687 0.5 0.10784313725490197 1.0
60 0.8627450980392156 0.5 0.08627450980392158 1.0
44 0.946078431372549 0.5 0.10784313725490197 1.0
