45 0.04831288343558282 0.5 0.09662576687116564 1.0
60 0.12883435582822086 0.5 0.08098159509202456 1.0
40 0.2116564417177914 0.5 0.10122699386503067 1.0
64 0.33128834355828224 0.5 0.16196319018404912 1.0
64 0.4785276073619632 0.5 0.16196319018404912 1.0
40 0.598159509202454 0.5 0.10122699386503067 1.0
61 0.6809815950920246 0.5 0.08098159509202456 1.0
58 0.7423312883435583 0.5 0.0539877300613497 1.0
42 0.8128834355828221 0.5 0.10122699386503067 1.0
40 0.9049079754601227 0.5 0.10122699386503067 1.0
59 0.9730061349693252 0.5 0.0539877300613497 1.0
