60 0.049606299212598425 0.5 0.09921259842519685 1.0
44 0.15354330708661418 0.5 0.1299212598425197 1.0
45 0.27165354330708663 0.5 0.1299212598425197 1.0
53 0.38976377952755903 0.5 0.1299212598425197 1.0
59 0.48031496062992124 0.5 0.06929133858267716 1.0
40 0.5708661417322834 0.5 0.1299212598425197 1.0
60 0.6771653543307087 0.5 0.10393700787401576 1.0
58 0.7559055118110236 0.5 0.06929133858267716 1.0
61 0.8346456692913385 0.5 0.10393700787401576 1.0
56 0.9350393700787402 0.5 0.1299212598425197 1.0
