49 0.047155688622754495 0.5 0.09431137724550899 1.0
41 0.1347305389221557 0.5 0.09880239520958084 1.0
52 0.2245508982035928 0.5 0.09880239520958084 1.0
44 0.31437125748503 0.5 0.09880239520958084 1.0
60 0.39520958083832336 0.5 0.07904191616766468 1.0
54 0.4760479041916168 0.5 0.09880239520958084 1.0
40 0.5658682634730539 0.5 0.09880239520958084 1.0
61 0.6467065868263473 0.5 0.07904191616766468 1.0
58 0.7065868263473054 0.5 0.05269461077844312 1.0
49 0.7754491017964071 0.5 0.09880239520958084 1.0
48 0.8652694610778443 0.5 0.09880239520958084 1.0
52 0.9505988023952096 0.5 0.09880239520958084 1.0
