28 0.06256476683937824 0.5 0.12512953367875648 1.0
44 0.15803108808290156 0.5 0.08549222797927461 1.0
43 0.23575129533678754 0.5 0.08549222797927461 1.0
44 0.3134715025906736 0.5 0.08549222797927461 1.0
60 0.38341968911917096 0.5 0.0683937823834197 1.0
37 0.45336787564766834 0.5 0.08549222797927461 1.0
44 0.5310880829015544 0.5 0.08549222797927461 1.0
54 0.6088082901554405 0.5 0.08549222797927461 1.0
44 0.6865284974093264 0.5 0.08549222797927461 1.0
48 0.7642487046632125 0.5 0.08549222797927461 1.0
58 0.8238341968911916 0.5 0.0455958549222798 1.0
48 0.883419689119171 0.5 0.08549222797927461 1.0
45 0.9572538860103627 0.5 0.08549222797927461 1.0
