58 0.02282608695652174 0.5 0.04565217391304348 1.0
48 0.08423913043478261 0.5 0.08967391304347827 1.0
61 0.15760869565217392 0.5 0.07173913043478261 1.0
44 0.23097826086956524 0.5 0.08967391304347827 1.0
60 0.3043478260869565 0.5 0.07173913043478261 1.0
60 0.3695652173913043 0.5 0.07173913043478261 1.0
49 0.4429347826086957 0.5 0.08967391304347827 1.0
45 0.5244565217391304 0.5 0.08967391304347827 1.0
40 0.6059782608695652 0.5 0.08967391304347827 1.0
61 0.6793478260869565 0.5 0.07173913043478261 1.0
58 0.733695652173913 0.5 0.04782608695652174 1.0
49 0.7961956521739131 0.5 0.08967391304347827 1.0
48 0.8777173913043478 0.5 0.08967391304347827 1.0
52 0.9551630434782609 0.5 0.08967391304347827 1.0
