59 0.031111111111111114 0.5 0.06222222222222223 1.0
58 0.08888888888888889 0.5 0.0651851851851852 1.0
54 0.17407407407407408 0.5 0.12222222222222223 1.0
58 0.25925925925925924 0.5 0.0651851851851852 1.0
48 0.34444444444444444 0.5 0.12222222222222223 1.0
45 0.4555555555555556 0.5 0.12222222222222223 1.0
60 0.5555555555555555 0.5 0.09777777777777778 1.0
49 0.6555555555555556 0.5 0.12222222222222223 1.0
49 0.7666666666666667 0.5 0.12222222222222223 1.0
64 0.9022222222222223 0.5 0.19555555555555557 1.0
