41 0.039179104477611935 0.5 0.07835820895522387 1.0
60 0.1044776119402985 0.5 0.06567164179104477 1.0
44 0.17164179104477612 0.5 0.08208955223880597 1.0
40 0.2462686567164179 0.5 0.08208955223880597 1.0
47 0.3208955223880597 0.5 0.08208955223880597 1.0
63 0.38805970149253727 0.5 0.06567164179104477 1.0
40 0.4552238805970149 0.5 0.08208955223880597 1.0
52 0.5298507462686567 0.5 0.08208955223880597 1.0
61 0.5970149253731343 0.5 0.06567164179104477 1.0
37 0.6641791044776119 0.5 0.08208955223880597 1.0
48 0.7388059701492536 0.5 0.08208955223880597 1.0
49 0.8134328358208954 0.5 0.08208955223880597 1.0
49 0.8880597014925372 0.5 0.08208955223880597 1.0
47 0.9589552238805971 0.5 0.08208955223880597 1.0
