44 0.040803108808290155 0.5 0.08160621761658031 1.0
55 0.11658031088082901 0.5 0.08549222797927461 1.0
50 0.19430051813471502 0.5 0.08549222797927461 1.0
60 0.26424870466321243 0.5 0.0683937823834197 1.0
44 0.3341968911917098 0.5 0.08549222797927461 1.0
52 0.4119170984455959 0.5 0.08549222797927461 1.0
52 0.48963730569948183 0.5 0.08549222797927461 1.0
58 0.5492227979274611 0.5 0.0455958549222798 1.0
49 0.6088082901554405 0.5 0.08549222797927461 1.0
48 0.6865284974093264 0.5 0.08549222797927461 1.0
59 0.7461139896373057 0.5 0.0455958549222798 1.0
44 0.805699481865285 0.5 0.08549222797927461 1.0
52 0.883419689119171 0.5 0.08549222797927461 1.0
52 0.9572538860103627 0.5 0.08549222797927461 1.0
