58 0.02142857142857143 0.5 0.04285714285714286 1.0
48 0.07908163265306123 0.5 0.08418367346938777 1.0
61 0.14795918367346939 0.5 0.0673469387755102 1.0
44 0.21683673469387754 0.5 0.08418367346938777 1.0
60 0.2857142857142857 0.5 0.0673469387755102 1.0
50 0.3545918367346939 0.5 0.08418367346938777 1.0
60 0.423469387755102 0.5 0.0673469387755102 1.0
44 0.4923469387755102 0.5 0.08418367346938777 1.0
61 0.5612244897959184 0.5 0.0673469387755102 1.0
40 0.6301020408163265 0.5 0.08418367346938777 1.0
61 0.6989795918367347 0.5 0.0673469387755102 1.0
58 0.75 0.5 0.044897959183673466 1.0
49 0.8086734693877551 0.5 0.08418367346938777 1.0
48 0.885204081632653 0.5 0.08418367346938777 1.0
52 0.9579081632653061 0.5 0.08418367346938777 1.0
