40 0.0430327868852459 0.5 0.0860655737704918 1.0
45 0.12295081967213115 0.5 0.09016393442622951 1.0
44 0.20491803278688522 0.5 0.09016393442622951 1.0
37 0.28688524590163933 0.5 0.09016393442622951 1.0
52 0.3688524590163934 0.5 0.09016393442622951 1.0
61 0.44262295081967207 0.5 0.07213114754098361 1.0
60 0.5081967213114754 0.5 0.07213114754098361 1.0
53 0.5819672131147541 0.5 0.09016393442622951 1.0
42 0.6639344262295083 0.5 0.09016393442622951 1.0
61 0.7377049180327869 0.5 0.07213114754098361 1.0
53 0.8114754098360656 0.5 0.09016393442622951 1.0
60 0.8852459016393442 0.5 0.07213114754098361 1.0
44 0.9549180327868853 0.5 0.09016393442622951 1.0
