65 0.06885245901639345 0.5 0.1377049180327869 1.0
40 0.1721311475409836 0.5 0.09016393442622951 1.0
45 0.2540983606557377 0.5 0.09016393442622951 1.0
44 0.3360655737704918 0.5 0.09016393442622951 1.0
37 0.41803278688524587 0.5 0.09016393442622951 1.0
44 0.49999999999999994 0.5 0.09016393442622951 1.0
40 0.5819672131147541 0.5 0.09016393442622951 1.0
60 0.6557377049180328 0.5 0.07213114754098361 1.0
48 0.7295081967213115 0.5 0.09016393442622951 1.0
44 0.8114754098360656 0.5 0.09016393442622951 1.0
60 0.8852459016393442 0.5 0.07213114754098361 1.0
52 0.9549180327868853 0.5 0.09016393442622951 1.0
