40 0.060114503816793896 0.5 0.12022900763358779 1.0
61 0.16030534351145037 0.5 0.10076335877862597 1.0
61 0.2519083969465649 0.5 0.10076335877862597 1.0
60 0.3435114503816794 0.5 0.10076335877862597 1.0
40 0.4465648854961832 0.5 0.12595419847328246 1.0
42 0.5610687022900763 0.5 0.12595419847328246 1.0
61 0.6641221374045801 0.5 0.10076335877862597 1.0
58 0.7404580152671756 0.5 0.06717557251908397 1.0
54 0.8282442748091603 0.5 0.12595419847328246 1.0
44 0.9370229007633588 0.5 0.12595419847328246 1.0
