48 0.05147058823529412 0.5 0.10294117647058824 1.0
53 0.14705882352941177 0.5 0.10784313725490197 1.0
60 0.23529411764705882 0.5 0.08627450980392158 1.0
52 0.3235294117647059 0.5 0.10784313725490197 1.0
44 0.4215686274509804 0.5 0.10784313725490197 1.0
60 0.5098039215686274 0.5 0.08627450980392158 1.0
56 0.5980392156862746 0.5 0.10784313725490197 1.0
64 0.7254901960784315 0.5 0.17254901960784316 1.0
40 0.8529411764705883 0.5 0.10784313725490197 1.0
48 0.946078431372549 0.5 0.10784313725490197 1.0
