61 0.03620689655172414 0.5 0.07241379310344828 1.0
46 0.11206896551724138 0.5 0.09482758620689656 1.0
40 0.19827586206896552 0.5 0.09482758620689656 1.0
48 0.28448275862068967 0.5 0.09482758620689656 1.0
37 0.3706896551724138 0.5 0.09482758620689656 1.0
40 0.456896551724138 0.5 0.09482758620689656 1.0
54 0.5431034482758621 0.5 0.09482758620689656 1.0
44 0.6293103448275863 0.5 0.09482758620689656 1.0
60 0.7068965517241379 0.5 0.07586206896551724 1.0
40 0.7844827586206897 0.5 0.09482758620689656 1.0
45 0.8706896551724139 0.5 0.09482758620689656 1.0
44 0.9525862068965517 0.5 0.09482758620689656 1.0
