20 0.07892156862745098 0.5 0.15784313725490196 1.0
49 0.19934640522875816 0.5 0.10784313725490197 1.0
59 0.27450980392156865 0.5 0.05751633986928105 1.0
59 0.32679738562091504 0.5 0.05751633986928105 1.0
56 0.40196078431372545 0.5 0.10784313725490197 1.0
65 0.5294117647058824 0.5 0.17254901960784316 1.0
49 0.6568627450980392 0.5 0.10784313725490197 1.0
49 0.7549019607843137 0.5 0.10784313725490197 1.0
43 0.8529411764705883 0.5 0.10784313725490197 1.0
37 0.946078431372549 0.5 0.10784313725490197 1.0
