58 0.026923076923076925 0.5 0.05384615384615385 1.0
48 0.09935897435897437 0.5 0.10576923076923078 1.0
42 0.1955128205128205 0.5 0.10576923076923078 1.0
60 0.28205128205128205 0.5 0.08461538461538462 1.0
44 0.3685897435897436 0.5 0.10576923076923078 1.0
40 0.46474358974358976 0.5 0.10576923076923078 1.0
52 0.560897435897436 0.5 0.10576923076923078 1.0
58 0.6346153846153847 0.5 0.05641025641025641 1.0
48 0.7083333333333334 0.5 0.10576923076923078 1.0
45 0.8044871794871795 0.5 0.10576923076923078 1.0
59 0.8782051282051283 0.5 0.05641025641025641 1.0
56 0.9471153846153846 0.5 0.10576923076923078 1.0
