40 0.05545774647887324 0.5 0.11091549295774648 1.0
45 0.15845070422535212 0.5 0.11619718309859156 1.0
60 0.2535211267605634 0.5 0.09295774647887324 1.0
58 0.323943661971831 0.5 0.0619718309859155 1.0
42 0.4049295774647887 0.5 0.11619718309859156 1.0
53 0.5105633802816901 0.5 0.11619718309859156 1.0
59 0.5915492957746479 0.5 0.0619718309859155 1.0
61 0.6619718309859155 0.5 0.09295774647887324 1.0
53 0.7570422535211268 0.5 0.11619718309859156 1.0
60 0.852112676056338 0.5 0.09295774647887324 1.0
44 0.9419014084507042 0.5 0.11619718309859156 1.0
