52 0.05285234899328859 0.5 0.10570469798657718 1.0
56 0.15100671140939598 0.5 0.11073825503355705 1.0
64 0.28187919463087246 0.5 0.17718120805369128 1.0
50 0.41275167785234895 0.5 0.11073825503355705 1.0
40 0.5134228187919463 0.5 0.11073825503355705 1.0
61 0.6040268456375839 0.5 0.08859060402684564 1.0
46 0.6946308724832214 0.5 0.11073825503355705 1.0
58 0.7718120805369126 0.5 0.059060402684563765 1.0
52 0.848993288590604 0.5 0.11073825503355705 1.0
44 0.9446308724832215 0.5 0.11073825503355705 1.0
