61 0.044366197183098595 0.5 0.08873239436619719 1.0
40 0.13732394366197181 0.5 0.11619718309859156 1.0
55 0.24295774647887325 0.5 0.11619718309859156 1.0
58 0.323943661971831 0.5 0.0619718309859155 1.0
37 0.4049295774647887 0.5 0.11619718309859156 1.0
43 0.5105633802816901 0.5 0.11619718309859156 1.0
60 0.6056338028169015 0.5 0.09295774647887324 1.0
58 0.676056338028169 0.5 0.0619718309859155 1.0
54 0.7570422535211268 0.5 0.11619718309859156 1.0
44 0.8626760563380282 0.5 0.11619718309859156 1.0
60 0.9535211267605633 0.5 0.09295774647887324 1.0
