64 0.05294117647058824 0.5 0.10588235294117648 1.0
58 0.11764705882352941 0.5 0.03697478991596639 1.0
52 0.16596638655462184 0.5 0.06932773109243698 1.0
60 0.2226890756302521 0.5 0.055462184873949584 1.0
44 0.27941176470588236 0.5 0.06932773109243698 1.0
50 0.34243697478991597 0.5 0.06932773109243698 1.0
60 0.39915966386554624 0.5 0.055462184873949584 1.0
44 0.45588235294117646 0.5 0.06932773109243698 1.0
52 0.51890756302521 0.5 0.06932773109243698 1.0
44 0.5819327731092437 0.5 0.06932773109243698 1.0
48 0.6449579831932774 0.5 0.06932773109243698 1.0
61 0.7016806722689076 0.5 0.055462184873949584 1.0
40 0.7584033613445378 0.5 0.06932773109243698 1.0
61 0.8151260504201681 0.5 0.055462184873949584 1.0
58 0.8571428571428572 0.5 0.03697478991596639 1.0
49 0.9054621848739496 0.5 0.06932773109243698 1.0
48 0.9653361344537815 0.5 0.06932773109243698 1.0
