59 0.031578947368421054 0.5 0.06315789473684211 1.0
58 0.09022556390977443 0.5 0.0661654135338346 1.0
45 0.17669172932330826 0.5 0.12406015037593986 1.0
46 0.2894736842105263 0.5 0.12406015037593986 1.0
61 0.39097744360902253 0.5 0.09924812030075188 1.0
46 0.49248120300751874 0.5 0.12406015037593986 1.0
49 0.6052631578947368 0.5 0.12406015037593986 1.0
53 0.7180451127819548 0.5 0.12406015037593986 1.0
52 0.8308270676691728 0.5 0.12406015037593986 1.0
44 0.9379699248120301 0.5 0.12406015037593986 1.0
