61 0.041176470588235294 0.5 0.08235294117647059 1.0
60 0.11764705882352941 0.5 0.08627450980392158 1.0
44 0.20588235294117646 0.5 0.10784313725490197 1.0
64 0.3333333333333333 0.5 0.17254901960784316 1.0
44 0.46078431372549017 0.5 0.10784313725490197 1.0
48 0.5588235294117647 0.5 0.10784313725490197 1.0
43 0.6568627450980392 0.5 0.10784313725490197 1.0
49 0.7549019607843137 0.5 0.10784313725490197 1.0
53 0.8529411764705883 0.5 0.10784313725490197 1.0
52 0.946078431372549 0.5 0.10784313725490197 1.0
