58 0.03333333333333333 0.5 0.06666666666666667 1.0
48 0.12301587301587301 0.5 0.13095238095238096 1.0
43 0.24206349206349204 0.5 0.13095238095238096 1.0
58 0.3333333333333333 0.5 0.06984126984126984 1.0
42 0.4246031746031746 0.5 0.13095238095238096 1.0
40 0.5436507936507936 0.5 0.13095238095238096 1.0
61 0.6507936507936507 0.5 0.10476190476190476 1.0
58 0.7301587301587301 0.5 0.06984126984126984 1.0
49 0.8214285714285714 0.5 0.13095238095238096 1.0
48 0.9345238095238095 0.5 0.13095238095238096 1.0
