63 0.04598540145985402 0.5 0.09197080291970804 1.0
59 0.11678832116788321 0.5 0.06423357664233577 1.0
49 0.20072992700729925 0.5 0.12043795620437958 1.0
53 0.3102189781021898 0.5 0.12043795620437958 1.0
48 0.4197080291970803 0.5 0.12043795620437958 1.0
43 0.5291970802919709 0.5 0.12043795620437958 1.0
44 0.6386861313868614 0.5 0.12043795620437958 1.0
60 0.7372262773722629 0.5 0.09635036496350366 1.0
44 0.8357664233576643 0.5 0.12043795620437958 1.0
43 0.9397810218978102 0.5 0.12043795620437958 1.0
