44 0.04578488372093024 0.5 0.09156976744186048 1.0
59 0.11046511627906977 0.5 0.051162790697674425 1.0
44 0.17732558139534885 0.5 0.09593023255813954 1.0
42 0.26453488372093026 0.5 0.09593023255813954 1.0
61 0.3430232558139535 0.5 0.07674418604651163 1.0
60 0.4127906976744186 0.5 0.07674418604651163 1.0
49 0.4912790697674419 0.5 0.09593023255813954 1.0
42 0.5784883720930233 0.5 0.09593023255813954 1.0
53 0.6656976744186046 0.5 0.09593023255813954 1.0
61 0.7441860465116279 0.5 0.07674418604651163 1.0
58 0.8023255813953489 0.5 0.051162790697674425 1.0
49 0.8691860465116279 0.5 0.09593023255813954 1.0
48 0.9520348837209303 0.5 0.09593023255813954 1.0
