61 0.03888888888888889 0.5 0.07777777777777778 1.0
44 0.12037037037037036 0.5 0.10185185185185186 1.0
64 0.24074074074074073 0.5 0.16296296296296298 1.0
50 0.36111111111111105 0.5 0.10185185185185186 1.0
44 0.45370370370370366 0.5 0.10185185185185186 1.0
60 0.537037037037037 0.5 0.08148148148148149 1.0
40 0.6203703703703703 0.5 0.10185185185185186 1.0
61 0.7037037037037037 0.5 0.08148148148148149 1.0
53 0.787037037037037 0.5 0.10185185185185186 1.0
60 0.8703703703703702 0.5 0.08148148148148149 1.0
44 0.9490740740740741 0.5 0.10185185185185186 1.0
