41 0.04632352941176471 0.5 0.09264705882352942 1.0
60 0.12352941176470589 0.5 0.07764705882352942 1.0
58 0.18235294117647058 0.5 0.05176470588235294 1.0
43 0.25 0.5 0.09705882352941178 1.0
45 0.3382352941176471 0.5 0.09705882352941178 1.0
44 0.42647058823529416 0.5 0.09705882352941178 1.0
37 0.5147058823529411 0.5 0.09705882352941178 1.0
46 0.6029411764705882 0.5 0.09705882352941178 1.0
44 0.6911764705882353 0.5 0.09705882352941178 1.0
40 0.7794117647058824 0.5 0.09705882352941178 1.0
43 0.8676470588235294 0.5 0.09705882352941178 1.0
52 0.9514705882352941 0.5 0.09705882352941178 1.0
