59 0.02837837837837838 0.5 0.05675675675675676 1.0
40 0.10472972972972974 0.5 0.1114864864864865 1.0
60 0.19594594594594597 0.5 0.08918918918918921 1.0
45 0.28716216216216217 0.5 0.1114864864864865 1.0
44 0.3885135135135135 0.5 0.1114864864864865 1.0
37 0.48986486486486486 0.5 0.1114864864864865 1.0
52 0.5912162162162162 0.5 0.1114864864864865 1.0
42 0.6925675675675675 0.5 0.1114864864864865 1.0
40 0.793918918918919 0.5 0.1114864864864865 1.0
59 0.8716216216216217 0.5 0.05945945945945947 1.0
44 0.9442567567567568 0.5 0.1114864864864865 1.0
