44 0.06402439024390244 0.5 0.12804878048780488 1.0
59 0.15447154471544716 0.5 0.07154471544715449 1.0
44 0.24796747967479676 0.5 0.13414634146341464 1.0
42 0.3699186991869919 0.5 0.13414634146341464 1.0
61 0.4796747967479675 0.5 0.10731707317073172 1.0
60 0.5772357723577236 0.5 0.10731707317073172 1.0
58 0.6585365853658536 0.5 0.07154471544715449 1.0
42 0.7520325203252032 0.5 0.13414634146341464 1.0
40 0.8739837398373984 0.5 0.13414634146341464 1.0
59 0.9642276422764228 0.5 0.07154471544715449 1.0
