52 0.049528301886792456 0.5 0.09905660377358491 1.0
53 0.14150943396226418 0.5 0.1037735849056604 1.0
41 0.2358490566037736 0.5 0.1037735849056604 1.0
37 0.33018867924528306 0.5 0.1037735849056604 1.0
42 0.42452830188679247 0.5 0.1037735849056604 1.0
44 0.5188679245283019 0.5 0.1037735849056604 1.0
48 0.6132075471698114 0.5 0.1037735849056604 1.0
61 0.6981132075471699 0.5 0.08301886792452831 1.0
60 0.7735849056603774 0.5 0.08301886792452831 1.0
44 0.8584905660377359 0.5 0.1037735849056604 1.0
52 0.9481132075471698 0.5 0.1037735849056604 1.0
