43 0.06104651162790698 0.5 0.12209302325581396 1.0
58 0.14728682170542634 0.5 0.06821705426356589 1.0
52 0.23643410852713176 0.5 0.12790697674418605 1.0
41 0.3527131782945736 0.5 0.12790697674418605 1.0
44 0.4689922480620155 0.5 0.12790697674418605 1.0
59 0.558139534883721 0.5 0.06821705426356589 1.0
58 0.6201550387596899 0.5 0.06821705426356589 1.0
44 0.7093023255813954 0.5 0.12790697674418605 1.0
54 0.8255813953488372 0.5 0.12790697674418605 1.0
44 0.936046511627907 0.5 0.12790697674418605 1.0
