15 0.07362804878048781 0.5 0.14725609756097563 1.0
49 0.18597560975609756 0.5 0.10060975609756098 1.0
48 0.2774390243902439 0.5 0.10060975609756098 1.0
42 0.36890243902439024 0.5 0.10060975609756098 1.0
44 0.4603658536585366 0.5 0.10060975609756098 1.0
48 0.551829268292683 0.5 0.10060975609756098 1.0
61 0.6341463414634146 0.5 0.08048780487804878 1.0
60 0.7073170731707318 0.5 0.08048780487804878 1.0
40 0.7896341463414634 0.5 0.10060975609756098 1.0
61 0.8719512195121951 0.5 0.08048780487804878 1.0
44 0.9496951219512195 0.5 0.10060975609756098 1.0
