23 0.06979768786127168 0.5 0.13959537572254335 1.0
49 0.17630057803468208 0.5 0.09537572254335261 1.0
60 0.2543352601156069 0.5 0.07630057803468208 1.0
61 0.32369942196531787 0.5 0.07630057803468208 1.0
46 0.40173410404624277 0.5 0.09537572254335261 1.0
40 0.48843930635838145 0.5 0.09537572254335261 1.0
64 0.6011560693641618 0.5 0.15260115606936417 1.0
50 0.7138728323699421 0.5 0.09537572254335261 1.0
61 0.791907514450867 0.5 0.07630057803468208 1.0
49 0.8699421965317918 0.5 0.09537572254335261 1.0
48 0.9523121387283237 0.5 0.09537572254335261 1.0
