46 0.04552023121387283 0.5 0.09104046242774566 1.0
49 0.13005780346820808 0.5 0.09537572254335261 1.0
50 0.21676300578034682 0.5 0.09537572254335261 1.0
44 0.30346820809248554 0.5 0.09537572254335261 1.0
59 0.3699421965317919 0.5 0.05086705202312139 1.0
44 0.43641618497109824 0.5 0.09537572254335261 1.0
52 0.523121387283237 0.5 0.09537572254335261 1.0
52 0.6098265895953756 0.5 0.09537572254335261 1.0
48 0.6965317919075144 0.5 0.09537572254335261 1.0
44 0.7832369942196531 0.5 0.09537572254335261 1.0
52 0.8699421965317918 0.5 0.09537572254335261 1.0
52 0.9523121387283237 0.5 0.09537572254335261 1.0
