58 0.028965517241379312 0.5 0.057931034482758624 1.0
48 0.10689655172413792 0.5 0.11379310344827587 1.0
61 0.19999999999999998 0.5 0.0910344827586207 1.0
60 0.2827586206896552 0.5 0.0910344827586207 1.0
49 0.3758620689655172 0.5 0.11379310344827587 1.0
43 0.47931034482758617 0.5 0.11379310344827587 1.0
53 0.5827586206896551 0.5 0.11379310344827587 1.0
42 0.6862068965517241 0.5 0.11379310344827587 1.0
58 0.7655172413793103 0.5 0.0606896551724138 1.0
48 0.8448275862068966 0.5 0.11379310344827587 1.0
45 0.943103448275862 0.5 0.11379310344827587 1.0
