60 0.04598540145985402 0.5 0.09197080291970804 1.0
44 0.14233576642335766 0.5 0.12043795620437958 1.0
52 0.2518248175182482 0.5 0.12043795620437958 1.0
58 0.33576642335766427 0.5 0.06423357664233577 1.0
52 0.4197080291970803 0.5 0.12043795620437958 1.0
61 0.5182481751824818 0.5 0.09635036496350366 1.0
40 0.6167883211678832 0.5 0.12043795620437958 1.0
48 0.7262773722627738 0.5 0.12043795620437958 1.0
42 0.8357664233576643 0.5 0.12043795620437958 1.0
44 0.9397810218978102 0.5 0.12043795620437958 1.0
