40 0.05506993006993007 0.5 0.11013986013986014 1.0
63 0.14685314685314685 0.5 0.09230769230769231 1.0
63 0.23076923076923075 0.5 0.09230769230769231 1.0
58 0.3006993006993007 0.5 0.06153846153846154 1.0
59 0.35664335664335667 0.5 0.06153846153846154 1.0
58 0.4125874125874126 0.5 0.06153846153846154 1.0
40 0.493006993006993 0.5 0.11538461538461539 1.0
61 0.5874125874125874 0.5 0.09230769230769231 1.0
58 0.6573426573426574 0.5 0.06153846153846154 1.0
49 0.7377622377622377 0.5 0.11538461538461539 1.0
48 0.8426573426573427 0.5 0.11538461538461539 1.0
52 0.9423076923076923 0.5 0.11538461538461539 1.0
