41 0.05706521739130435 0.5 0.1141304347826087 1.0
44 0.16304347826086957 0.5 0.11956521739130435 1.0
40 0.2717391304347826 0.5 0.11956521739130435 1.0
53 0.3804347826086957 0.5 0.11956521739130435 1.0
61 0.4782608695652174 0.5 0.09565217391304348 1.0
58 0.5507246376811594 0.5 0.063768115942029 1.0
63 0.6231884057971014 0.5 0.09565217391304348 1.0
53 0.7210144927536232 0.5 0.11956521739130435 1.0
59 0.8043478260869565 0.5 0.063768115942029 1.0
59 0.8623188405797101 0.5 0.063768115942029 1.0
56 0.9402173913043478 0.5 0.11956521739130435 1.0
