58 0.024277456647398842 0.5 0.048554913294797684 1.0
64 0.11560693641618497 0.5 0.15260115606936417 1.0
50 0.22832369942196531 0.5 0.09537572254335261 1.0
44 0.315028901734104 0.5 0.09537572254335261 1.0
40 0.40173410404624277 0.5 0.09537572254335261 1.0
42 0.4884393063583815 0.5 0.09537572254335261 1.0
46 0.5751445086705201 0.5 0.09537572254335261 1.0
64 0.6878612716763005 0.5 0.15260115606936417 1.0
44 0.8005780346820809 0.5 0.09537572254335261 1.0
48 0.8872832369942195 0.5 0.09537572254335261 1.0
61 0.9618497109826589 0.5 0.07630057803468208 1.0
