58 0.02359550561797753 0.5 0.04719101123595506 1.0
48 0.08707865168539325 0.5 0.09269662921348315 1.0
42 0.17134831460674155 0.5 0.09269662921348315 1.0
49 0.2556179775280899 0.5 0.09269662921348315 1.0
48 0.3398876404494382 0.5 0.09269662921348315 1.0
52 0.4241573033707865 0.5 0.09269662921348315 1.0
58 0.4887640449438202 0.5 0.04943820224719101 1.0
52 0.553370786516854 0.5 0.09269662921348315 1.0
61 0.6292134831460674 0.5 0.07415730337078652 1.0
44 0.7050561797752809 0.5 0.09269662921348315 1.0
48 0.7893258426966292 0.5 0.09269662921348315 1.0
42 0.8735955056179776 0.5 0.09269662921348315 1.0
56 0.9536516853932584 0.5 0.09269662921348315 1.0
