49 0.0430327868852459 0.5 0.0860655737704918 1.0
60 0.11475409836065573 0.5 0.07213114754098361 1.0
45 0.1885245901639344 0.5 0.09016393442622951 1.0
40 0.2704918032786885 0.5 0.09016393442622951 1.0
48 0.3524590163934426 0.5 0.09016393442622951 1.0
58 0.41530054644808745 0.5 0.048087431693989074 1.0
52 0.4781420765027322 0.5 0.09016393442622951 1.0
40 0.5601092896174864 0.5 0.09016393442622951 1.0
61 0.6338797814207651 0.5 0.07213114754098361 1.0
58 0.6885245901639344 0.5 0.048087431693989074 1.0
49 0.7513661202185793 0.5 0.09016393442622951 1.0
48 0.8333333333333334 0.5 0.09016393442622951 1.0
40 0.9153005464480874 0.5 0.09016393442622951 1.0
59 0.9759562841530055 0.5 0.048087431693989074 1.0
