19 0.07144970414201184 0.5 0.14289940828402367 1.0
40 0.1804733727810651 0.5 0.09763313609467456 1.0
58 0.2485207100591716 0.5 0.05207100591715977 1.0
61 0.3076923076923077 0.5 0.07810650887573965 1.0
52 0.3875739644970414 0.5 0.09763313609467456 1.0
47 0.47633136094674555 0.5 0.09763313609467456 1.0
44 0.5650887573964497 0.5 0.09763313609467456 1.0
59 0.6331360946745562 0.5 0.05207100591715977 1.0
59 0.6804733727810651 0.5 0.05207100591715977 1.0
58 0.7278106508875739 0.5 0.05207100591715977 1.0
61 0.78698224852071 0.5 0.07810650887573965 1.0
44 0.8668639053254438 0.5 0.09763313609467456 1.0
52 0.9511834319526628 0.5 0.09763313609467456 1.0
