40 0.04449152542372881 0.5 0.08898305084745763 1.0
41 0.1271186440677966 0.5 0.09322033898305085 1.0
48 0.211864406779661 0.5 0.09322033898305085 1.0
49 0.2966101694915254 0.5 0.09322033898305085 1.0
60 0.3728813559322034 0.5 0.07457627118644068 1.0
64 0.47457627118644063 0.5 0.14915254237288136 1.0
40 0.5847457627118644 0.5 0.09322033898305085 1.0
59 0.6497175141242938 0.5 0.04971751412429379 1.0
58 0.6949152542372882 0.5 0.04971751412429379 1.0
61 0.751412429378531 0.5 0.07457627118644068 1.0
58 0.807909604519774 0.5 0.04971751412429379 1.0
44 0.8728813559322034 0.5 0.09322033898305085 1.0
52 0.9533898305084746 0.5 0.09322033898305085 1.0
