60 0.040127388535031845 0.5 0.08025477707006369 1.0
40 0.12420382165605096 0.5 0.1050955414012739 1.0
43 0.2197452229299363 0.5 0.1050955414012739 1.0
58 0.2929936305732484 0.5 0.05605095541401275 1.0
49 0.36624203821656054 0.5 0.1050955414012739 1.0
42 0.46178343949044587 0.5 0.1050955414012739 1.0
46 0.5573248407643312 0.5 0.1050955414012739 1.0
44 0.6528662420382166 0.5 0.1050955414012739 1.0
64 0.7770700636942676 0.5 0.16815286624203823 1.0
58 0.8789808917197452 0.5 0.05605095541401275 1.0
37 0.947452229299363 0.5 0.1050955414012739 1.0
