44 0.046052631578947366 0.5 0.09210526315789473 1.0
55 0.13157894736842105 0.5 0.09649122807017545 1.0
42 0.21929824561403508 0.5 0.09649122807017545 1.0
44 0.3070175438596491 0.5 0.09649122807017545 1.0
50 0.39473684210526316 0.5 0.09649122807017545 1.0
61 0.47368421052631576 0.5 0.07719298245614035 1.0
58 0.5321637426900585 0.5 0.05146198830409357 1.0
49 0.5994152046783626 0.5 0.09649122807017545 1.0
48 0.6871345029239766 0.5 0.09649122807017545 1.0
40 0.7748538011695906 0.5 0.09649122807017545 1.0
59 0.8421052631578947 0.5 0.05146198830409357 1.0
59 0.8888888888888888 0.5 0.05146198830409357 1.0
56 0.9517543859649122 0.5 0.09649122807017545 1.0
