58 0.031578947368421054 0.5 0.06315789473684211 1.0
48 0.11654135338345864 0.5 0.12406015037593986 1.0
52 0.22932330827067668 0.5 0.12406015037593986 1.0
50 0.3421052631578947 0.5 0.12406015037593986 1.0
44 0.4548872180451128 0.5 0.12406015037593986 1.0
42 0.5676691729323308 0.5 0.12406015037593986 1.0
61 0.669172932330827 0.5 0.09924812030075188 1.0
58 0.744360902255639 0.5 0.0661654135338346 1.0
49 0.8308270676691728 0.5 0.12406015037593986 1.0
48 0.9379699248120301 0.5 0.12406015037593986 1.0
