62 0.04144736842105263 0.5 0.08289473684210526 1.0
44 0.1282894736842105 0.5 0.10855263157894737 1.0
49 0.22697368421052633 0.5 0.10855263157894737 1.0
50 0.3256578947368421 0.5 0.10855263157894737 1.0
40 0.4243421052631579 0.5 0.10855263157894737 1.0
60 0.5131578947368421 0.5 0.0868421052631579 1.0
43 0.6019736842105262 0.5 0.10855263157894737 1.0
58 0.6776315789473684 0.5 0.05789473684210526 1.0
52 0.7532894736842105 0.5 0.10855263157894737 1.0
44 0.8519736842105262 0.5 0.10855263157894737 1.0
43 0.9457236842105263 0.5 0.10855263157894737 1.0
