58 0.025149700598802397 0.5 0.050299401197604794 1.0
59 0.07185628742514971 0.5 0.05269461077844312 1.0
59 0.11976047904191617 0.5 0.05269461077844312 1.0
37 0.18862275449101798 0.5 0.09880239520958084 1.0
42 0.2784431137724551 0.5 0.09880239520958084 1.0
49 0.36826347305389223 0.5 0.09880239520958084 1.0
48 0.4580838323353294 0.5 0.09880239520958084 1.0
42 0.5479041916167664 0.5 0.09880239520958084 1.0
44 0.6377245508982036 0.5 0.09880239520958084 1.0
58 0.7065868263473054 0.5 0.05269461077844312 1.0
54 0.7754491017964071 0.5 0.09880239520958084 1.0
44 0.8652694610778443 0.5 0.09880239520958084 1.0
43 0.9505988023952096 0.5 0.09880239520958084 1.0
