49 0.04059278350515464 0.5 0.08118556701030928 1.0
54 0.11597938144329897 0.5 0.08505154639175258 1.0
44 0.19329896907216496 0.5 0.08505154639175258 1.0
60 0.26288659793814434 0.5 0.06804123711340207 1.0
52 0.33247422680412375 0.5 0.08505154639175258 1.0
46 0.4097938144329897 0.5 0.08505154639175258 1.0
40 0.4871134020618557 0.5 0.08505154639175258 1.0
43 0.5644329896907216 0.5 0.08505154639175258 1.0
49 0.6417525773195877 0.5 0.08505154639175258 1.0
65 0.7422680412371134 0.5 0.13608247422680414 1.0
58 0.8247422680412372 0.5 0.04536082474226805 1.0
48 0.884020618556701 0.5 0.08505154639175258 1.0
45 0.9574742268041238 0.5 0.08505154639175258 1.0
