48 0.039179104477611935 0.5 0.07835820895522387 1.0
44 0.11194029850746268 0.5 0.08208955223880597 1.0
58 0.16915422885572137 0.5 0.04378109452736319 1.0
45 0.22636815920398007 0.5 0.08208955223880597 1.0
46 0.30099502487562185 0.5 0.08208955223880597 1.0
41 0.37562189054726364 0.5 0.08208955223880597 1.0
49 0.4502487562189054 0.5 0.08208955223880597 1.0
53 0.5248756218905473 0.5 0.08208955223880597 1.0
60 0.5920398009950248 0.5 0.06567164179104477 1.0
59 0.6417910447761194 0.5 0.04378109452736319 1.0
58 0.681592039800995 0.5 0.04378109452736319 1.0
48 0.7388059701492536 0.5 0.08208955223880597 1.0
44 0.8134328358208954 0.5 0.08208955223880597 1.0
52 0.8880597014925372 0.5 0.08208955223880597 1.0
52 0.9589552238805971 0.5 0.08208955223880597 1.0
