53 0.05506993006993007 0.5 0.11013986013986014 1.0
48 0.15734265734265734 0.5 0.11538461538461539 1.0
52 0.26223776223776224 0.5 0.11538461538461539 1.0
46 0.36713286713286714 0.5 0.11538461538461539 1.0
40 0.47202797202797203 0.5 0.11538461538461539 1.0
47 0.5769230769230769 0.5 0.11538461538461539 1.0
40 0.6818181818181819 0.5 0.11538461538461539 1.0
41 0.7867132867132867 0.5 0.11538461538461539 1.0
59 0.8671328671328672 0.5 0.06153846153846154 1.0
44 0.9423076923076923 0.5 0.11538461538461539 1.0
