50 0.04743975903614458 0.5 0.09487951807228916 1.0
53 0.1355421686746988 0.5 0.09939759036144578 1.0
41 0.22590361445783133 0.5 0.09939759036144578 1.0
59 0.29518072289156627 0.5 0.05301204819277109 1.0
58 0.3433734939759036 0.5 0.05301204819277109 1.0
42 0.4126506024096386 0.5 0.09939759036144578 1.0
37 0.5030120481927711 0.5 0.09939759036144578 1.0
46 0.5933734939759037 0.5 0.09939759036144578 1.0
49 0.6837349397590361 0.5 0.09939759036144578 1.0
53 0.7740963855421686 0.5 0.09939759036144578 1.0
52 0.8644578313253012 0.5 0.09939759036144578 1.0
44 0.9503012048192772 0.5 0.09939759036144578 1.0
