20 0.06457219251336899 0.5 0.12914438502673797 1.0
40 0.16310160427807488 0.5 0.08823529411764706 1.0
64 0.26737967914438504 0.5 0.14117647058823532 1.0
64 0.39572192513368987 0.5 0.14117647058823532 1.0
44 0.5000000000000001 0.5 0.08823529411764706 1.0
60 0.572192513368984 0.5 0.07058823529411766 1.0
52 0.644385026737968 0.5 0.08823529411764706 1.0
64 0.7486631016042782 0.5 0.14117647058823532 1.0
58 0.8342245989304813 0.5 0.047058823529411764 1.0
61 0.8877005347593584 0.5 0.07058823529411766 1.0
46 0.9558823529411765 0.5 0.08823529411764706 1.0
