46 0.04861111111111111 0.5 0.09722222222222222 1.0
49 0.1388888888888889 0.5 0.10185185185185186 1.0
53 0.23148148148148145 0.5 0.10185185185185186 1.0
52 0.32407407407407407 0.5 0.10185185185185186 1.0
44 0.41666666666666663 0.5 0.10185185185185186 1.0
47 0.5092592592592592 0.5 0.10185185185185186 1.0
44 0.6018518518518519 0.5 0.10185185185185186 1.0
44 0.6944444444444444 0.5 0.10185185185185186 1.0
50 0.787037037037037 0.5 0.10185185185185186 1.0
44 0.8796296296296295 0.5 0.10185185185185186 1.0
60 0.9592592592592593 0.5 0.08148148148148149 1.0
