27 0.05977722772277228 0.5 0.11955445544554456 1.0
53 0.15099009900990099 0.5 0.08168316831683169 1.0
61 0.21782178217821782 0.5 0.06534653465346535 1.0
46 0.28465346534653463 0.5 0.08168316831683169 1.0
44 0.3589108910891089 0.5 0.08168316831683169 1.0
48 0.43316831683168316 0.5 0.08168316831683169 1.0
58 0.4900990099009901 0.5 0.04356435643564357 1.0
53 0.5470297029702971 0.5 0.08168316831683169 1.0
64 0.6435643564356435 0.5 0.1306930693069307 1.0
37 0.7400990099009901 0.5 0.08168316831683169 1.0
4 0.8143564356435644 0.5 0.08168316831683169 1.0
3 0.8886138613861386 0.5 0.08168316831683169 1.0
9 0.9591584158415841 0.5 0.08168316831683169 1.0
