44 0.041015625 0.5 0.08203125 1.0
55 0.1171875 0.5 0.0859375 1.0
50 0.1953125 0.5 0.0859375 1.0
44 0.2734375 0.5 0.0859375 1.0
60 0.34375 0.5 0.06875 1.0
58 0.3958333333333333 0.5 0.04583333333333334 1.0
64 0.4791666666666667 0.5 0.1375 1.0
44 0.5807291666666666 0.5 0.0859375 1.0
48 0.6588541666666666 0.5 0.0859375 1.0
61 0.7291666666666666 0.5 0.06875 1.0
40 0.7994791666666666 0.5 0.0859375 1.0
59 0.859375 0.5 0.04583333333333334 1.0
59 0.9010416666666667 0.5 0.04583333333333334 1.0
56 0.95703125 0.5 0.0859375 1.0
