60 0.03684210526315789 0.5 0.07368421052631578 1.0
40 0.11403508771929824 0.5 0.09649122807017545 1.0
43 0.20175438596491227 0.5 0.09649122807017545 1.0
58 0.26900584795321636 0.5 0.05146198830409357 1.0
49 0.3362573099415205 0.5 0.09649122807017545 1.0
48 0.42397660818713445 0.5 0.09649122807017545 1.0
53 0.5116959064327485 0.5 0.09649122807017545 1.0
42 0.5994152046783626 0.5 0.09649122807017545 1.0
59 0.6666666666666666 0.5 0.05146198830409357 1.0
58 0.7134502923976608 0.5 0.05146198830409357 1.0
43 0.7807017543859649 0.5 0.09649122807017545 1.0
44 0.8684210526315789 0.5 0.09649122807017545 1.0
52 0.9517543859649122 0.5 0.09649122807017545 1.0
