43 0.05285234899328859 0.5 0.10570469798657718 1.0
44 0.15100671140939598 0.5 0.11073825503355705 1.0
42 0.25167785234899326 0.5 0.11073825503355705 1.0
49 0.3523489932885906 0.5 0.11073825503355705 1.0
48 0.4530201342281879 0.5 0.11073825503355705 1.0
61 0.5436241610738255 0.5 0.08859060402684564 1.0
40 0.634228187919463 0.5 0.11073825503355705 1.0
64 0.7651006711409395 0.5 0.17718120805369128 1.0
58 0.8724832214765099 0.5 0.059060402684563765 1.0
37 0.9446308724832215 0.5 0.11073825503355705 1.0
