43 0.036799065420560745 0.5 0.07359813084112149 1.0
44 0.10514018691588783 0.5 0.07710280373831775 1.0
42 0.17523364485981308 0.5 0.07710280373831775 1.0
49 0.2453271028037383 0.5 0.07710280373831775 1.0
48 0.3154205607476635 0.5 0.07710280373831775 1.0
61 0.37850467289719625 0.5 0.06168224299065421 1.0
40 0.44158878504672894 0.5 0.07710280373831775 1.0
64 0.5327102803738317 0.5 0.12336448598130842 1.0
58 0.6074766355140186 0.5 0.041121495327102804 1.0
48 0.661214953271028 0.5 0.07710280373831775 1.0
40 0.7313084112149532 0.5 0.07710280373831775 1.0
61 0.794392523364486 0.5 0.06168224299065421 1.0
58 0.8411214953271028 0.5 0.041121495327102804 1.0
49 0.8948598130841121 0.5 0.07710280373831775 1.0
48 0.9614485981308412 0.5 0.07710280373831775 1.0
