14 0.06745810055865922 0.5 0.13491620111731845 1.0
56 0.17039106145251398 0.5 0.09217877094972067 1.0
61 0.24581005586592178 0.5 0.07374301675977654 1.0
46 0.3212290502793296 0.5 0.09217877094972067 1.0
49 0.40502793296089384 0.5 0.09217877094972067 1.0
61 0.48044692737430167 0.5 0.07374301675977654 1.0
60 0.547486033519553 0.5 0.07374301675977654 1.0
44 0.6229050279329609 0.5 0.09217877094972067 1.0
50 0.7067039106145252 0.5 0.09217877094972067 1.0
46 0.7905027932960894 0.5 0.09217877094972067 1.0
44 0.8743016759776536 0.5 0.09217877094972067 1.0
52 0.9539106145251397 0.5 0.09217877094972067 1.0
