52 0.04399441340782123 0.5 0.08798882681564246 1.0
53 0.12569832402234637 0.5 0.09217877094972067 1.0
41 0.2094972067039106 0.5 0.09217877094972067 1.0
52 0.29329608938547486 0.5 0.09217877094972067 1.0
61 0.3687150837988827 0.5 0.07374301675977654 1.0
40 0.44413407821229045 0.5 0.09217877094972067 1.0
48 0.5279329608938548 0.5 0.09217877094972067 1.0
61 0.6033519553072625 0.5 0.07374301675977654 1.0
58 0.659217877094972 0.5 0.04916201117318436 1.0
40 0.723463687150838 0.5 0.09217877094972067 1.0
61 0.7988826815642457 0.5 0.07374301675977654 1.0
44 0.8743016759776536 0.5 0.09217877094972067 1.0
43 0.9539106145251397 0.5 0.09217877094972067 1.0
