13 0.07020348837209302 0.5 0.14040697674418604 1.0
48 0.17732558139534882 0.5 0.09593023255813954 1.0
49 0.26453488372093026 0.5 0.09593023255813954 1.0
64 0.37790697674418605 0.5 0.15348837209302327 1.0
40 0.4912790697674419 0.5 0.09593023255813954 1.0
59 0.5581395348837209 0.5 0.051162790697674425 1.0
49 0.625 0.5 0.09593023255813954 1.0
42 0.7122093023255813 0.5 0.09593023255813954 1.0
44 0.7994186046511628 0.5 0.09593023255813954 1.0
60 0.8779069767441859 0.5 0.07674418604651163 1.0
40 0.9520348837209303 0.5 0.09593023255813954 1.0
