15 0.0723053892215569 0.5 0.1446107784431138 1.0
44 0.18263473053892215 0.5 0.09880239520958084 1.0
48 0.2724550898203593 0.5 0.09880239520958084 1.0
61 0.3532934131736527 0.5 0.07904191616766468 1.0
60 0.4251497005988024 0.5 0.07904191616766468 1.0
49 0.5059880239520957 0.5 0.09880239520958084 1.0
50 0.5958083832335329 0.5 0.09880239520958084 1.0
40 0.6856287425149701 0.5 0.09880239520958084 1.0
45 0.7754491017964071 0.5 0.09880239520958084 1.0
44 0.8652694610778443 0.5 0.09880239520958084 1.0
52 0.9505988023952096 0.5 0.09880239520958084 1.0
