59 0.028965517241379312 0.5 0.057931034482758624 1.0
49 0.10689655172413792 0.5 0.11379310344827587 1.0
48 0.21034482758620687 0.5 0.11379310344827587 1.0
45 0.3137931034482758 0.5 0.11379310344827587 1.0
58 0.3931034482758621 0.5 0.0606896551724138 1.0
64 0.503448275862069 0.5 0.1820689655172414 1.0
40 0.6379310344827586 0.5 0.11379310344827587 1.0
48 0.7413793103448276 0.5 0.11379310344827587 1.0
53 0.8448275862068966 0.5 0.11379310344827587 1.0
52 0.943103448275862 0.5 0.11379310344827587 1.0
