38 0.07844827586206897 0.5 0.15689655172413794 1.0
58 0.1724137931034483 0.5 0.05057471264367817 1.0
42 0.2385057471264368 0.5 0.09482758620689656 1.0
60 0.31609195402298856 0.5 0.07586206896551724 1.0
49 0.3936781609195402 0.5 0.09482758620689656 1.0
42 0.4798850574712644 0.5 0.09482758620689656 1.0
40 0.5660919540229885 0.5 0.09482758620689656 1.0
59 0.632183908045977 0.5 0.05057471264367817 1.0
40 0.6982758620689655 0.5 0.09482758620689656 1.0
48 0.7844827586206897 0.5 0.09482758620689656 1.0
53 0.8706896551724139 0.5 0.09482758620689656 1.0
52 0.9525862068965517 0.5 0.09482758620689656 1.0
