43 0.05431034482758621 0.5 0.10862068965517242 1.0
58 0.13103448275862067 0.5 0.0606896551724138 1.0
64 0.24137931034482757 0.5 0.1820689655172414 1.0
44 0.3758620689655172 0.5 0.11379310344827587 1.0
48 0.47931034482758617 0.5 0.11379310344827587 1.0
52 0.5827586206896551 0.5 0.11379310344827587 1.0
58 0.6620689655172414 0.5 0.0606896551724138 1.0
49 0.7413793103448276 0.5 0.11379310344827587 1.0
48 0.8448275862068966 0.5 0.11379310344827587 1.0
52 0.943103448275862 0.5 0.11379310344827587 1.0
