41 0.03453947368421052 0.5 0.06907894736842105 1.0
60 0.09210526315789473 0.5 0.05789473684210526 1.0
44 0.1513157894736842 0.5 0.07236842105263158 1.0
40 0.21710526315789472 0.5 0.07236842105263158 1.0
43 0.28289473684210525 0.5 0.07236842105263158 1.0
37 0.34868421052631576 0.5 0.07236842105263158 1.0
40 0.41447368421052627 0.5 0.07236842105263158 1.0
48 0.4802631578947368 0.5 0.07236842105263158 1.0
43 0.5460526315789473 0.5 0.07236842105263158 1.0
37 0.611842105263158 0.5 0.07236842105263158 1.0
41 0.6776315789473685 0.5 0.07236842105263158 1.0
53 0.743421052631579 0.5 0.07236842105263158 1.0
61 0.8026315789473684 0.5 0.05789473684210526 1.0
61 0.8552631578947367 0.5 0.05789473684210526 1.0
44 0.9144736842105263 0.5 0.07236842105263158 1.0
60 0.9710526315789474 0.5 0.05789473684210526 1.0
