40 0.04659763313609468 0.5 0.09319526627218935 1.0
48 0.1331360946745562 0.5 0.09763313609467456 1.0
61 0.21301775147928992 0.5 0.07810650887573965 1.0
58 0.27218934911242604 0.5 0.05207100591715977 1.0
37 0.34023668639053256 0.5 0.09763313609467456 1.0
19 0.4526627218934911 0.5 0.14970414201183432 1.0
44 0.5650887573964497 0.5 0.09763313609467456 1.0
60 0.6449704142011834 0.5 0.07810650887573965 1.0
64 0.7514792899408285 0.5 0.1562130177514793 1.0
40 0.8668639053254438 0.5 0.09763313609467456 1.0
48 0.9511834319526628 0.5 0.09763313609467456 1.0
