15 0.0769108280254777 0.5 0.1538216560509554 1.0
46 0.1942675159235669 0.5 0.1050955414012739 1.0
60 0.2802547770700637 0.5 0.08407643312101912 1.0
58 0.34394904458598724 0.5 0.05605095541401275 1.0
52 0.4171974522292994 0.5 0.1050955414012739 1.0
61 0.5031847133757962 0.5 0.08407643312101912 1.0
49 0.589171974522293 0.5 0.1050955414012739 1.0
50 0.6847133757961783 0.5 0.1050955414012739 1.0
46 0.7802547770700637 0.5 0.1050955414012739 1.0
44 0.8757961783439491 0.5 0.1050955414012739 1.0
60 0.9579617834394905 0.5 0.08407643312101912 1.0
