28 0.0764240506329114 0.5 0.1528481012658228 1.0
61 0.18354430379746836 0.5 0.08354430379746837 1.0
44 0.2689873417721519 0.5 0.10443037974683546 1.0
50 0.36392405063291144 0.5 0.10443037974683546 1.0
64 0.4873417721518988 0.5 0.16708860759493674 1.0
49 0.6107594936708861 0.5 0.10443037974683546 1.0
61 0.6962025316455697 0.5 0.08354430379746837 1.0
46 0.7816455696202532 0.5 0.10443037974683546 1.0
44 0.8765822784810127 0.5 0.10443037974683546 1.0
60 0.9582278481012658 0.5 0.08354430379746837 1.0
