44 0.05545774647887324 0.5 0.11091549295774648 1.0
63 0.14788732394366197 0.5 0.09295774647887324 1.0
63 0.2323943661971831 0.5 0.09295774647887324 1.0
44 0.3274647887323943 0.5 0.11619718309859156 1.0
42 0.43309859154929575 0.5 0.11619718309859156 1.0
61 0.528169014084507 0.5 0.09295774647887324 1.0
58 0.5985915492957746 0.5 0.0619718309859155 1.0
54 0.6795774647887324 0.5 0.11619718309859156 1.0
44 0.7852112676056339 0.5 0.11619718309859156 1.0
59 0.8661971830985915 0.5 0.0619718309859155 1.0
56 0.9419014084507042 0.5 0.11619718309859156 1.0
