18 0.06256476683937824 0.5 0.12512953367875648 1.0
58 0.13989637305699482 0.5 0.0455958549222798 1.0
48 0.19948186528497408 0.5 0.08549222797927461 1.0
43 0.2772020725388601 0.5 0.08549222797927461 1.0
37 0.35492227979274615 0.5 0.08549222797927461 1.0
61 0.42487046632124353 0.5 0.0683937823834197 1.0
46 0.4948186528497409 0.5 0.08549222797927461 1.0
44 0.572538860103627 0.5 0.08549222797927461 1.0
37 0.6502590673575129 0.5 0.08549222797927461 1.0
41 0.727979274611399 0.5 0.08549222797927461 1.0
49 0.805699481865285 0.5 0.08549222797927461 1.0
43 0.883419689119171 0.5 0.08549222797927461 1.0
56 0.9572538860103627 0.5 0.08549222797927461 1.0
