22 0.05204741379310345 0.5 0.1040948275862069 1.0
44 0.1314655172413793 0.5 0.07112068965517243 1.0
58 0.1810344827586207 0.5 0.03793103448275862 1.0
42 0.23060344827586207 0.5 0.07112068965517243 1.0
44 0.2952586206896552 0.5 0.07112068965517243 1.0
52 0.3599137931034483 0.5 0.07112068965517243 1.0
61 0.4181034482758621 0.5 0.056896551724137934 1.0
44 0.4762931034482759 0.5 0.07112068965517243 1.0
60 0.5344827586206897 0.5 0.056896551724137934 1.0
37 0.5926724137931035 0.5 0.07112068965517243 1.0
52 0.6573275862068966 0.5 0.07112068965517243 1.0
51 0.7219827586206897 0.5 0.07112068965517243 1.0
53 0.7866379310344829 0.5 0.07112068965517243 1.0
40 0.8512931034482759 0.5 0.07112068965517243 1.0
60 0.9094827586206897 0.5 0.056896551724137934 1.0
44 0.9644396551724138 0.5 0.07112068965517243 1.0
