52 0.046052631578947366 0.5 0.09210526315789473 1.0
46 0.13157894736842105 0.5 0.09649122807017545 1.0
49 0.21929824561403508 0.5 0.09649122807017545 1.0
44 0.3070175438596491 0.5 0.09649122807017545 1.0
37 0.39473684210526316 0.5 0.09649122807017545 1.0
64 0.5087719298245614 0.5 0.1543859649122807 1.0
44 0.6228070175438597 0.5 0.09649122807017545 1.0
48 0.7105263157894737 0.5 0.09649122807017545 1.0
43 0.7982456140350876 0.5 0.09649122807017545 1.0
44 0.8859649122807017 0.5 0.09649122807017545 1.0
60 0.9614035087719298 0.5 0.07719298245614035 1.0
