50 0.05506993006993007 0.5 0.11013986013986014 1.0
44 0.15734265734265734 0.5 0.11538461538461539 1.0
60 0.2517482517482518 0.5 0.09230769230769231 1.0
63 0.3356643356643357 0.5 0.09230769230769231 1.0
49 0.43006993006993005 0.5 0.11538461538461539 1.0
60 0.5244755244755245 0.5 0.09230769230769231 1.0
64 0.6503496503496504 0.5 0.18461538461538463 1.0
58 0.7622377622377623 0.5 0.06153846153846154 1.0
48 0.8426573426573427 0.5 0.11538461538461539 1.0
45 0.9423076923076923 0.5 0.11538461538461539 1.0
