42 0.047155688622754495 0.5 0.09431137724550899 1.0
46 0.1347305389221557 0.5 0.09880239520958084 1.0
58 0.20359281437125748 0.5 0.05269461077844312 1.0
64 0.29940119760479045 0.5 0.15808383233532936 1.0
50 0.4161676646706587 0.5 0.09880239520958084 1.0
40 0.5059880239520957 0.5 0.09880239520958084 1.0
48 0.5958083832335329 0.5 0.09880239520958084 1.0
57 0.6856287425149701 0.5 0.09880239520958084 1.0
44 0.7754491017964071 0.5 0.09880239520958084 1.0
44 0.8652694610778443 0.5 0.09880239520958084 1.0
52 0.9505988023952096 0.5 0.09880239520958084 1.0
