52 0.049528301886792456 0.5 0.09905660377358491 1.0
53 0.14150943396226418 0.5 0.1037735849056604 1.0
52 0.2358490566037736 0.5 0.1037735849056604 1.0
50 0.33018867924528306 0.5 0.1037735849056604 1.0
58 0.4025157232704403 0.5 0.05534591194968554 1.0
42 0.4748427672955975 0.5 0.1037735849056604 1.0
58 0.5471698113207547 0.5 0.05534591194968554 1.0
49 0.619496855345912 0.5 0.1037735849056604 1.0
53 0.7138364779874214 0.5 0.1037735849056604 1.0
52 0.8081761006289309 0.5 0.1037735849056604 1.0
59 0.8805031446540881 0.5 0.05534591194968554 1.0
56 0.9481132075471698 0.5 0.1037735849056604 1.0
