46 0.037679425837320576 0.5 0.07535885167464115 1.0
44 0.1076555023923445 0.5 0.07894736842105264 1.0
40 0.17942583732057416 0.5 0.07894736842105264 1.0
60 0.24401913875598089 0.5 0.06315789473684211 1.0
61 0.30143540669856456 0.5 0.06315789473684211 1.0
37 0.3660287081339713 0.5 0.07894736842105264 1.0
52 0.43779904306220097 0.5 0.07894736842105264 1.0
44 0.5095693779904307 0.5 0.07894736842105264 1.0
40 0.5813397129186603 0.5 0.07894736842105264 1.0
60 0.645933014354067 0.5 0.06315789473684211 1.0
42 0.7105263157894737 0.5 0.07894736842105264 1.0
46 0.7822966507177034 0.5 0.07894736842105264 1.0
58 0.8373205741626795 0.5 0.042105263157894736 1.0
48 0.8923444976076556 0.5 0.07894736842105264 1.0
45 0.9605263157894737 0.5 0.07894736842105264 1.0
