50 0.058768656716417914 0.5 0.11753731343283583 1.0
49 0.16791044776119404 0.5 0.12313432835820896 1.0
59 0.2537313432835821 0.5 0.06567164179104477 1.0
58 0.3134328358208955 0.5 0.06567164179104477 1.0
61 0.3880597014925373 0.5 0.09850746268656717 1.0
58 0.4626865671641791 0.5 0.06567164179104477 1.0
42 0.5485074626865671 0.5 0.12313432835820896 1.0
58 0.6343283582089552 0.5 0.06567164179104477 1.0
40 0.7201492537313433 0.5 0.12313432835820896 1.0
48 0.832089552238806 0.5 0.12313432835820896 1.0
52 0.9384328358208955 0.5 0.12313432835820896 1.0
