50 0.058768656716417914 0.5 0.11753731343283583 1.0
60 0.15671641791044777 0.5 0.09850746268656717 1.0
49 0.2574626865671642 0.5 0.12313432835820896 1.0
52 0.3694029850746269 0.5 0.12313432835820896 1.0
50 0.48134328358208955 0.5 0.12313432835820896 1.0
44 0.5932835820895522 0.5 0.12313432835820896 1.0
60 0.6940298507462687 0.5 0.09850746268656717 1.0
58 0.7686567164179104 0.5 0.06567164179104477 1.0
61 0.8432835820895522 0.5 0.09850746268656717 1.0
56 0.9384328358208955 0.5 0.12313432835820896 1.0
