58 0.03333333333333333 0.5 0.06666666666666667 1.0
48 0.12301587301587301 0.5 0.13095238095238096 1.0
58 0.21428571428571427 0.5 0.06984126984126984 1.0
51 0.3055555555555555 0.5 0.13095238095238096 1.0
53 0.4246031746031746 0.5 0.13095238095238096 1.0
58 0.5158730158730158 0.5 0.06984126984126984 1.0
61 0.5952380952380951 0.5 0.10476190476190476 1.0
49 0.7023809523809523 0.5 0.13095238095238096 1.0
53 0.8214285714285714 0.5 0.13095238095238096 1.0
52 0.9345238095238095 0.5 0.13095238095238096 1.0
