31 0.09011194029850747 0.5 0.18022388059701494 1.0
44 0.22761194029850745 0.5 0.12313432835820896 1.0
60 0.3283582089552239 0.5 0.09850746268656717 1.0
52 0.42910447761194026 0.5 0.12313432835820896 1.0
40 0.541044776119403 0.5 0.12313432835820896 1.0
58 0.626865671641791 0.5 0.06567164179104477 1.0
59 0.6865671641791045 0.5 0.06567164179104477 1.0
59 0.7462686567164178 0.5 0.06567164179104477 1.0
44 0.832089552238806 0.5 0.12313432835820896 1.0
52 0.9384328358208955 0.5 0.12313432835820896 1.0
