15 0.05919117647058824 0.5 0.11838235294117648 1.0
57 0.14950980392156862 0.5 0.08088235294117647 1.0
44 0.22303921568627452 0.5 0.08088235294117647 1.0
42 0.2965686274509804 0.5 0.08088235294117647 1.0
46 0.3700980392156863 0.5 0.08088235294117647 1.0
49 0.44362745098039214 0.5 0.08088235294117647 1.0
52 0.5171568627450981 0.5 0.08088235294117647 1.0
59 0.573529411764706 0.5 0.04313725490196079 1.0
49 0.6299019607843137 0.5 0.08088235294117647 1.0
54 0.7034313725490197 0.5 0.08088235294117647 1.0
40 0.7769607843137255 0.5 0.08088235294117647 1.0
47 0.8504901960784313 0.5 0.08088235294117647 1.0
58 0.9068627450980393 0.5 0.04313725490196079 1.0
40 0.9595588235294118 0.5 0.08088235294117647 1.0
