52 0.05545774647887324 0.5 0.11091549295774648 1.0
53 0.15845070422535212 0.5 0.11619718309859156 1.0
50 0.2640845070422535 0.5 0.11619718309859156 1.0
44 0.36971830985915494 0.5 0.11619718309859156 1.0
60 0.4647887323943662 0.5 0.09295774647887324 1.0
58 0.5352112676056338 0.5 0.0619718309859155 1.0
49 0.6161971830985916 0.5 0.11619718309859156 1.0
60 0.7112676056338028 0.5 0.09295774647887324 1.0
58 0.7816901408450704 0.5 0.0619718309859155 1.0
61 0.852112676056338 0.5 0.09295774647887324 1.0
56 0.9419014084507042 0.5 0.11619718309859156 1.0
