64 0.08456375838926174 0.5 0.16912751677852347 1.0
44 0.21140939597315433 0.5 0.11073825503355705 1.0
40 0.3120805369127516 0.5 0.11073825503355705 1.0
48 0.41275167785234895 0.5 0.11073825503355705 1.0
43 0.5134228187919463 0.5 0.11073825503355705 1.0
44 0.6140939597315436 0.5 0.11073825503355705 1.0
60 0.7046979865771812 0.5 0.08859060402684564 1.0
58 0.7718120805369126 0.5 0.059060402684563765 1.0
48 0.848993288590604 0.5 0.11073825503355705 1.0
45 0.9446308724832215 0.5 0.11073825503355705 1.0
