22 0.07187500000000001 0.5 0.14375000000000002 1.0
2 0.16071428571428573 0.5 0.05238095238095238 1.0
13 0.25297619047619047 0.5 0.15059523809523812 1.0
54 0.3660714285714286 0.5 0.09821428571428573 1.0
54 0.4553571428571429 0.5 0.09821428571428573 1.0
44 0.5446428571428571 0.5 0.09821428571428573 1.0
48 0.6339285714285714 0.5 0.09821428571428573 1.0
61 0.7142857142857143 0.5 0.07857142857142857 1.0
53 0.7946428571428571 0.5 0.09821428571428573 1.0
60 0.875 0.5 0.07857142857142857 1.0
40 0.9508928571428571 0.5 0.09821428571428573 1.0
