38 0.08029411764705884 0.5 0.16058823529411767 1.0
58 0.17647058823529413 0.5 0.05176470588235294 1.0
42 0.24411764705882355 0.5 0.09705882352941178 1.0
46 0.33235294117647063 0.5 0.09705882352941178 1.0
44 0.42058823529411765 0.5 0.09705882352941178 1.0
59 0.4882352941176471 0.5 0.05176470588235294 1.0
40 0.5558823529411765 0.5 0.09705882352941178 1.0
48 0.6441176470588236 0.5 0.09705882352941178 1.0
45 0.7323529411764705 0.5 0.09705882352941178 1.0
44 0.8205882352941176 0.5 0.09705882352941178 1.0
59 0.8882352941176471 0.5 0.05176470588235294 1.0
49 0.9514705882352941 0.5 0.09705882352941178 1.0
