60 0.04701492537313433 0.5 0.09402985074626866 1.0
44 0.1455223880597015 0.5 0.12313432835820896 1.0
54 0.2574626865671642 0.5 0.12313432835820896 1.0
44 0.3694029850746269 0.5 0.12313432835820896 1.0
60 0.4701492537313433 0.5 0.09850746268656717 1.0
44 0.5708955223880597 0.5 0.12313432835820896 1.0
48 0.6828358208955224 0.5 0.12313432835820896 1.0
61 0.7835820895522388 0.5 0.09850746268656717 1.0
59 0.8582089552238806 0.5 0.06567164179104477 1.0
56 0.9384328358208955 0.5 0.12313432835820896 1.0
