60 0.03841463414634146 0.5 0.07682926829268293 1.0
44 0.11890243902439024 0.5 0.10060975609756098 1.0
52 0.21036585365853655 0.5 0.10060975609756098 1.0
44 0.3018292682926829 0.5 0.10060975609756098 1.0
60 0.3841463414634146 0.5 0.08048780487804878 1.0
54 0.4664634146341463 0.5 0.10060975609756098 1.0
40 0.5579268292682927 0.5 0.10060975609756098 1.0
61 0.6402439024390244 0.5 0.08048780487804878 1.0
58 0.7012195121951219 0.5 0.05365853658536586 1.0
49 0.7713414634146342 0.5 0.10060975609756098 1.0
48 0.8628048780487805 0.5 0.10060975609756098 1.0
52 0.9496951219512195 0.5 0.10060975609756098 1.0
