58 0.03620689655172414 0.5 0.07241379310344828 1.0
48 0.13362068965517243 0.5 0.14224137931034486 1.0
58 0.2327586206896552 0.5 0.07586206896551724 1.0
61 0.31896551724137934 0.5 0.11379310344827587 1.0
58 0.4051724137931035 0.5 0.07586206896551724 1.0
40 0.5043103448275862 0.5 0.14224137931034486 1.0
61 0.6206896551724138 0.5 0.11379310344827587 1.0
58 0.7068965517241379 0.5 0.07586206896551724 1.0
54 0.8060344827586208 0.5 0.14224137931034486 1.0
44 0.9288793103448276 0.5 0.14224137931034486 1.0
