52 0.04632352941176471 0.5 0.09264705882352942 1.0
53 0.1323529411764706 0.5 0.09705882352941178 1.0
41 0.22058823529411767 0.5 0.09705882352941178 1.0
52 0.3088235294117647 0.5 0.09705882352941178 1.0
44 0.3970588235294118 0.5 0.09705882352941178 1.0
60 0.47647058823529415 0.5 0.07764705882352942 1.0
54 0.5558823529411765 0.5 0.09705882352941178 1.0
58 0.623529411764706 0.5 0.05176470588235294 1.0
44 0.6911764705882353 0.5 0.09705882352941178 1.0
48 0.7794117647058824 0.5 0.09705882352941178 1.0
42 0.8676470588235294 0.5 0.09705882352941178 1.0
44 0.9514705882352941 0.5 0.09705882352941178 1.0
