15 0.0727409638554217 0.5 0.1454819277108434 1.0
49 0.18373493975903615 0.5 0.09939759036144578 1.0
64 0.30120481927710846 0.5 0.15903614457831325 1.0
64 0.4457831325301205 0.5 0.15903614457831325 1.0
53 0.5632530120481928 0.5 0.09939759036144578 1.0
48 0.6536144578313253 0.5 0.09939759036144578 1.0
58 0.7228915662650602 0.5 0.05301204819277109 1.0
52 0.7921686746987951 0.5 0.09939759036144578 1.0
61 0.8734939759036144 0.5 0.07951807228915662 1.0
52 0.9503012048192772 0.5 0.09939759036144578 1.0
