43 0.045000000000000005 0.5 0.09000000000000001 1.0
58 0.10857142857142857 0.5 0.05028571428571429 1.0
52 0.17428571428571427 0.5 0.09428571428571429 1.0
42 0.26 0.5 0.09428571428571429 1.0
49 0.34571428571428575 0.5 0.09428571428571429 1.0
48 0.43142857142857144 0.5 0.09428571428571429 1.0
42 0.5171428571428571 0.5 0.09428571428571429 1.0
44 0.6028571428571429 0.5 0.09428571428571429 1.0
60 0.6799999999999999 0.5 0.07542857142857144 1.0
61 0.7485714285714286 0.5 0.07542857142857144 1.0
58 0.8057142857142858 0.5 0.05028571428571429 1.0
48 0.8714285714285714 0.5 0.09428571428571429 1.0
45 0.9528571428571428 0.5 0.09428571428571429 1.0
