60 0.051219512195121955 0.5 0.10243902439024391 1.0
44 0.15853658536585366 0.5 0.13414634146341464 1.0
59 0.25203252032520324 0.5 0.07154471544715449 1.0
40 0.34552845528455284 0.5 0.13414634146341464 1.0
61 0.45528455284552843 0.5 0.10731707317073172 1.0
58 0.5365853658536585 0.5 0.07154471544715449 1.0
54 0.6300813008130082 0.5 0.13414634146341464 1.0
44 0.7520325203252032 0.5 0.13414634146341464 1.0
59 0.8455284552845528 0.5 0.07154471544715449 1.0
56 0.9329268292682926 0.5 0.13414634146341464 1.0
