64 0.0782608695652174 0.5 0.1565217391304348 1.0
40 0.1956521739130435 0.5 0.10248447204968944 1.0
52 0.2888198757763975 0.5 0.10248447204968944 1.0
61 0.37267080745341613 0.5 0.08198757763975156 1.0
44 0.45652173913043476 0.5 0.10248447204968944 1.0
60 0.5403726708074533 0.5 0.08198757763975156 1.0
50 0.6242236024844721 0.5 0.10248447204968944 1.0
58 0.6956521739130435 0.5 0.0546583850931677 1.0
44 0.767080745341615 0.5 0.10248447204968944 1.0
42 0.860248447204969 0.5 0.10248447204968944 1.0
44 0.9487577639751553 0.5 0.10248447204968944 1.0
