42 0.05048076923076924 0.5 0.10096153846153848 1.0
49 0.14423076923076925 0.5 0.10576923076923078 1.0
64 0.2692307692307693 0.5 0.16923076923076924 1.0
50 0.3942307692307692 0.5 0.10576923076923078 1.0
60 0.48076923076923084 0.5 0.08461538461538462 1.0
44 0.5673076923076924 0.5 0.10576923076923078 1.0
52 0.6634615384615385 0.5 0.10576923076923078 1.0
52 0.7596153846153847 0.5 0.10576923076923078 1.0
44 0.8557692307692308 0.5 0.10576923076923078 1.0
43 0.9471153846153846 0.5 0.10576923076923078 1.0
