53 0.04144736842105263 0.5 0.08289473684210526 1.0
48 0.11842105263157894 0.5 0.0868421052631579 1.0
40 0.19736842105263158 0.5 0.0868421052631579 1.0
64 0.3 0.5 0.13894736842105265 1.0
41 0.40263157894736845 0.5 0.0868421052631579 1.0
58 0.4631578947368421 0.5 0.04631578947368421 1.0
45 0.5236842105263158 0.5 0.0868421052631579 1.0
53 0.6026315789473684 0.5 0.0868421052631579 1.0
49 0.6815789473684211 0.5 0.0868421052631579 1.0
53 0.7605263157894737 0.5 0.0868421052631579 1.0
52 0.8394736842105263 0.5 0.0868421052631579 1.0
59 0.8999999999999999 0.5 0.04631578947368421 1.0
56 0.9565789473684211 0.5 0.0868421052631579 1.0
