19 0.0678370786516854 0.5 0.1356741573033708 1.0
59 0.15168539325842698 0.5 0.04943820224719101 1.0
56 0.21629213483146068 0.5 0.09269662921348315 1.0
48 0.300561797752809 0.5 0.09269662921348315 1.0
43 0.3848314606741573 0.5 0.09269662921348315 1.0
44 0.4691011235955056 0.5 0.09269662921348315 1.0
41 0.553370786516854 0.5 0.09269662921348315 1.0
49 0.6376404494382023 0.5 0.09269662921348315 1.0
53 0.7219101123595506 0.5 0.09269662921348315 1.0
60 0.797752808988764 0.5 0.07415730337078652 1.0
48 0.8735955056179776 0.5 0.09269662921348315 1.0
44 0.9536516853932584 0.5 0.09269662921348315 1.0
