64 0.08181818181818182 0.5 0.16363636363636364 1.0
40 0.20454545454545453 0.5 0.10714285714285715 1.0
48 0.30194805194805197 0.5 0.10714285714285715 1.0
58 0.37662337662337664 0.5 0.05714285714285715 1.0
50 0.4512987012987013 0.5 0.10714285714285715 1.0
53 0.5487012987012987 0.5 0.10714285714285715 1.0
59 0.6233766233766234 0.5 0.05714285714285715 1.0
40 0.698051948051948 0.5 0.10714285714285715 1.0
61 0.7857142857142857 0.5 0.08571428571428572 1.0
49 0.8733766233766234 0.5 0.10714285714285715 1.0
60 0.9571428571428572 0.5 0.08571428571428572 1.0
