28 0.07102941176470588 0.5 0.14205882352941177 1.0
46 0.17941176470588235 0.5 0.09705882352941178 1.0
40 0.2676470588235294 0.5 0.09705882352941178 1.0
47 0.3558823529411765 0.5 0.09705882352941178 1.0
44 0.44411764705882356 0.5 0.09705882352941178 1.0
52 0.5323529411764706 0.5 0.09705882352941178 1.0
50 0.6205882352941177 0.5 0.09705882352941178 1.0
44 0.7088235294117647 0.5 0.09705882352941178 1.0
40 0.7970588235294117 0.5 0.09705882352941178 1.0
60 0.8764705882352941 0.5 0.07764705882352942 1.0
44 0.9514705882352941 0.5 0.09705882352941178 1.0
