43 0.060576923076923084 0.5 0.12115384615384617 1.0
44 0.17307692307692307 0.5 0.12692307692307694 1.0
59 0.26153846153846155 0.5 0.0676923076923077 1.0
58 0.3230769230769231 0.5 0.0676923076923077 1.0
41 0.4115384615384616 0.5 0.12692307692307694 1.0
44 0.5269230769230769 0.5 0.12692307692307694 1.0
60 0.6307692307692307 0.5 0.10153846153846155 1.0
40 0.7346153846153847 0.5 0.12692307692307694 1.0
61 0.8384615384615386 0.5 0.10153846153846155 1.0
44 0.9365384615384615 0.5 0.12692307692307694 1.0
