28 0.07144970414201184 0.5 0.14289940828402367 1.0
58 0.15976331360946747 0.5 0.05207100591715977 1.0
45 0.22781065088757396 0.5 0.09763313609467456 1.0
48 0.3165680473372781 0.5 0.09763313609467456 1.0
58 0.38461538461538464 0.5 0.05207100591715977 1.0
63 0.4437869822485207 0.5 0.07810650887573965 1.0
58 0.5029585798816568 0.5 0.05207100591715977 1.0
42 0.5710059171597633 0.5 0.09763313609467456 1.0
40 0.6597633136094675 0.5 0.09763313609467456 1.0
48 0.7485207100591715 0.5 0.09763313609467456 1.0
61 0.8284023668639052 0.5 0.07810650887573965 1.0
59 0.8875739644970414 0.5 0.05207100591715977 1.0
56 0.9511834319526628 0.5 0.09763313609467456 1.0
