42 0.05285234899328859 0.5 0.10570469798657718 1.0
49 0.15100671140939598 0.5 0.11073825503355705 1.0
64 0.28187919463087246 0.5 0.17718120805369128 1.0
50 0.41275167785234895 0.5 0.11073825503355705 1.0
53 0.5134228187919463 0.5 0.11073825503355705 1.0
59 0.5906040268456375 0.5 0.059060402684563765 1.0
52 0.6677852348993288 0.5 0.11073825503355705 1.0
49 0.7684563758389261 0.5 0.11073825503355705 1.0
60 0.8590604026845636 0.5 0.08859060402684564 1.0
56 0.9446308724832215 0.5 0.11073825503355705 1.0
