50 0.060114503816793896 0.5 0.12022900763358779 1.0
60 0.16030534351145037 0.5 0.10076335877862597 1.0
49 0.2633587786259542 0.5 0.12595419847328246 1.0
52 0.3778625954198473 0.5 0.12595419847328246 1.0
61 0.48091603053435117 0.5 0.10076335877862597 1.0
58 0.5572519083969466 0.5 0.06717557251908397 1.0
61 0.6335877862595419 0.5 0.10076335877862597 1.0
53 0.7366412213740459 0.5 0.12595419847328246 1.0
61 0.8396946564885496 0.5 0.10076335877862597 1.0
44 0.9370229007633588 0.5 0.12595419847328246 1.0
