58 0.028965517241379312 0.5 0.057931034482758624 1.0
64 0.13793103448275862 0.5 0.1820689655172414 1.0
50 0.27241379310344827 0.5 0.11379310344827587 1.0
44 0.3758620689655172 0.5 0.11379310344827587 1.0
42 0.47931034482758617 0.5 0.11379310344827587 1.0
42 0.5827586206896551 0.5 0.11379310344827587 1.0
40 0.6862068965517241 0.5 0.11379310344827587 1.0
41 0.7896551724137931 0.5 0.11379310344827587 1.0
59 0.8689655172413793 0.5 0.0606896551724138 1.0
56 0.943103448275862 0.5 0.11379310344827587 1.0
