42 0.04891304347826087 0.5 0.09782608695652174 1.0
49 0.13975155279503104 0.5 0.10248447204968944 1.0
48 0.2329192546583851 0.5 0.10248447204968944 1.0
61 0.3167701863354037 0.5 0.08198757763975156 1.0
44 0.40062111801242234 0.5 0.10248447204968944 1.0
64 0.5217391304347826 0.5 0.16397515527950313 1.0
50 0.6428571428571429 0.5 0.10248447204968944 1.0
59 0.7142857142857143 0.5 0.0546583850931677 1.0
40 0.7857142857142857 0.5 0.10248447204968944 1.0
61 0.8695652173913043 0.5 0.08198757763975156 1.0
44 0.9487577639751553 0.5 0.10248447204968944 1.0
