40 0.0521523178807947 0.5 0.1043046357615894 1.0
41 0.14900662251655628 0.5 0.10927152317880795 1.0
59 0.22516556291390727 0.5 0.05827814569536424 1.0
44 0.30132450331125826 0.5 0.10927152317880795 1.0
37 0.4006622516556291 0.5 0.10927152317880795 1.0
41 0.49999999999999994 0.5 0.10927152317880795 1.0
49 0.5993377483443708 0.5 0.10927152317880795 1.0
43 0.6986754966887417 0.5 0.10927152317880795 1.0
58 0.7748344370860927 0.5 0.05827814569536424 1.0
44 0.8509933774834437 0.5 0.10927152317880795 1.0
43 0.945364238410596 0.5 0.10927152317880795 1.0
