63 0.048091603053435114 0.5 0.09618320610687023 1.0
49 0.14885496183206107 0.5 0.12595419847328246 1.0
60 0.2519083969465649 0.5 0.10076335877862597 1.0
61 0.3435114503816794 0.5 0.10076335877862597 1.0
56 0.4465648854961832 0.5 0.12595419847328246 1.0
37 0.5610687022900763 0.5 0.12595419847328246 1.0
63 0.6641221374045801 0.5 0.10076335877862597 1.0
58 0.7404580152671756 0.5 0.06717557251908397 1.0
54 0.8282442748091603 0.5 0.12595419847328246 1.0
44 0.9370229007633588 0.5 0.12595419847328246 1.0
