6 0.060114503816793896 0.5 0.12022900763358779 1.0
8 0.1717557251908397 0.5 0.12595419847328246 1.0
10 0.2862595419847328 0.5 0.12595419847328246 1.0
64 0.4351145038167939 0.5 0.20152671755725193 1.0
58 0.5572519083969466 0.5 0.06717557251908397 1.0
59 0.6183206106870229 0.5 0.06717557251908397 1.0
59 0.6793893129770993 0.5 0.06717557251908397 1.0
58 0.7404580152671756 0.5 0.06717557251908397 1.0
49 0.8282442748091603 0.5 0.12595419847328246 1.0
48 0.9370229007633588 0.5 0.12595419847328246 1.0
