38 0.06757425742574258 0.5 0.13514851485148516 1.0
49 0.16584158415841585 0.5 0.08168316831683169 1.0
48 0.24009900990099012 0.5 0.08168316831683169 1.0
64 0.33663366336633666 0.5 0.1306930693069307 1.0
49 0.43316831683168316 0.5 0.08168316831683169 1.0
53 0.5074257425742574 0.5 0.08168316831683169 1.0
61 0.5742574257425743 0.5 0.06534653465346535 1.0
46 0.6410891089108911 0.5 0.08168316831683169 1.0
52 0.7153465346534653 0.5 0.08168316831683169 1.0
46 0.7896039603960396 0.5 0.08168316831683169 1.0
58 0.8465346534653465 0.5 0.04356435643564357 1.0
60 0.8960396039603961 0.5 0.06534653465346535 1.0
44 0.9591584158415841 0.5 0.08168316831683169 1.0
