42 0.042798913043478264 0.5 0.08559782608695653 1.0
49 0.12228260869565218 0.5 0.08967391304347827 1.0
64 0.2282608695652174 0.5 0.14347826086956522 1.0
64 0.358695652173913 0.5 0.14347826086956522 1.0
58 0.44565217391304346 0.5 0.04782608695652174 1.0
52 0.5081521739130435 0.5 0.08967391304347827 1.0
52 0.5896739130434783 0.5 0.08967391304347827 1.0
58 0.6521739130434783 0.5 0.04782608695652174 1.0
49 0.7146739130434783 0.5 0.08967391304347827 1.0
48 0.7961956521739131 0.5 0.08967391304347827 1.0
44 0.8777173913043478 0.5 0.08967391304347827 1.0
43 0.9551630434782609 0.5 0.08967391304347827 1.0
