43 0.057481751824817524 0.5 0.11496350364963505 1.0
40 0.1642335766423358 0.5 0.12043795620437958 1.0
53 0.2737226277372263 0.5 0.12043795620437958 1.0
45 0.3832116788321168 0.5 0.12043795620437958 1.0
46 0.4927007299270073 0.5 0.12043795620437958 1.0
61 0.5912408759124088 0.5 0.09635036496350366 1.0
44 0.6897810218978102 0.5 0.12043795620437958 1.0
60 0.7883211678832116 0.5 0.09635036496350366 1.0
59 0.8613138686131387 0.5 0.06423357664233577 1.0
56 0.9397810218978102 0.5 0.12043795620437958 1.0
