13 0.07020348837209302 0.5 0.14040697674418604 1.0
42 0.17732558139534882 0.5 0.09593023255813954 1.0
42 0.26453488372093026 0.5 0.09593023255813954 1.0
49 0.35174418604651164 0.5 0.09593023255813954 1.0
60 0.43023255813953487 0.5 0.07674418604651163 1.0
40 0.5087209302325582 0.5 0.09593023255813954 1.0
64 0.622093023255814 0.5 0.15348837209302327 1.0
41 0.7354651162790697 0.5 0.09593023255813954 1.0
49 0.8226744186046512 0.5 0.09593023255813954 1.0
48 0.9098837209302325 0.5 0.09593023255813954 1.0
58 0.9744186046511628 0.5 0.051162790697674425 1.0
