49 0.05921052631578947 0.5 0.11842105263157894 1.0
52 0.16917293233082706 0.5 0.12406015037593986 1.0
61 0.2706766917293233 0.5 0.09924812030075188 1.0
44 0.3721804511278195 0.5 0.12406015037593986 1.0
48 0.4849624060150376 0.5 0.12406015037593986 1.0
52 0.5977443609022556 0.5 0.12406015037593986 1.0
58 0.6842105263157894 0.5 0.0661654135338346 1.0
41 0.7706766917293232 0.5 0.12406015037593986 1.0
59 0.8571428571428571 0.5 0.0661654135338346 1.0
56 0.9379699248120301 0.5 0.12406015037593986 1.0
