15 0.09011194029850747 0.5 0.18022388059701494 1.0
44 0.22761194029850745 0.5 0.12313432835820896 1.0
59 0.3134328358208955 0.5 0.06567164179104477 1.0
44 0.39925373134328357 0.5 0.12313432835820896 1.0
52 0.5111940298507462 0.5 0.12313432835820896 1.0
61 0.6119402985074627 0.5 0.09850746268656717 1.0
58 0.6865671641791045 0.5 0.06567164179104477 1.0
40 0.7723880597014925 0.5 0.12313432835820896 1.0
59 0.8582089552238806 0.5 0.06567164179104477 1.0
52 0.9384328358208955 0.5 0.12313432835820896 1.0
