43 0.06402439024390244 0.5 0.12804878048780488 1.0
44 0.18292682926829268 0.5 0.13414634146341464 1.0
63 0.2926829268292683 0.5 0.10731707317073172 1.0
58 0.37398373983739835 0.5 0.07154471544715449 1.0
48 0.46747967479674796 0.5 0.13414634146341464 1.0
58 0.5609756097560975 0.5 0.07154471544715449 1.0
61 0.6422764227642277 0.5 0.10731707317073172 1.0
44 0.7520325203252032 0.5 0.13414634146341464 1.0
59 0.8455284552845528 0.5 0.07154471544715449 1.0
56 0.9329268292682926 0.5 0.13414634146341464 1.0
