41 0.057481751824817524 0.5 0.11496350364963505 1.0
53 0.1642335766423358 0.5 0.12043795620437958 1.0
43 0.2737226277372263 0.5 0.12043795620437958 1.0
45 0.3832116788321168 0.5 0.12043795620437958 1.0
44 0.4927007299270073 0.5 0.12043795620437958 1.0
60 0.5912408759124088 0.5 0.09635036496350366 1.0
58 0.6642335766423357 0.5 0.06423357664233577 1.0
45 0.7481751824817519 0.5 0.12043795620437958 1.0
40 0.8576642335766423 0.5 0.12043795620437958 1.0
60 0.9518248175182482 0.5 0.09635036496350366 1.0
