50 0.052500000000000005 0.5 0.10500000000000001 1.0
44 0.15000000000000002 0.5 0.11000000000000001 1.0
52 0.25 0.5 0.11000000000000001 1.0
52 0.35000000000000003 0.5 0.11000000000000001 1.0
58 0.4266666666666667 0.5 0.05866666666666667 1.0
64 0.5333333333333333 0.5 0.17600000000000002 1.0
58 0.64 0.5 0.05866666666666667 1.0
52 0.7166666666666668 0.5 0.11000000000000001 1.0
61 0.8066666666666668 0.5 0.08800000000000001 1.0
58 0.8733333333333333 0.5 0.05866666666666667 1.0
42 0.945 0.5 0.11000000000000001 1.0
