52 0.05048076923076924 0.5 0.10096153846153848 1.0
61 0.13461538461538464 0.5 0.08461538461538462 1.0
49 0.22115384615384615 0.5 0.10576923076923078 1.0
42 0.31730769230769235 0.5 0.10576923076923078 1.0
47 0.4134615384615385 0.5 0.10576923076923078 1.0
41 0.5096153846153847 0.5 0.10576923076923078 1.0
60 0.5961538461538461 0.5 0.08461538461538462 1.0
49 0.6826923076923078 0.5 0.10576923076923078 1.0
47 0.778846153846154 0.5 0.10576923076923078 1.0
44 0.8750000000000001 0.5 0.10576923076923078 1.0
60 0.9576923076923077 0.5 0.08461538461538462 1.0
