52 0.04891304347826087 0.5 0.09782608695652174 1.0
53 0.13975155279503104 0.5 0.10248447204968944 1.0
41 0.2329192546583851 0.5 0.10248447204968944 1.0
64 0.35403726708074534 0.5 0.16397515527950313 1.0
40 0.47515527950310554 0.5 0.10248447204968944 1.0
60 0.5590062111801242 0.5 0.08198757763975156 1.0
58 0.6211180124223603 0.5 0.0546583850931677 1.0
48 0.6925465838509317 0.5 0.10248447204968944 1.0
44 0.7857142857142857 0.5 0.10248447204968944 1.0
60 0.8695652173913043 0.5 0.08198757763975156 1.0
52 0.9487577639751553 0.5 0.10248447204968944 1.0
