64 0.08344370860927153 0.5 0.16688741721854305 1.0
40 0.20860927152317882 0.5 0.10927152317880795 1.0
52 0.30794701986754963 0.5 0.10927152317880795 1.0
61 0.3973509933774834 0.5 0.08741721854304636 1.0
44 0.4867549668874172 0.5 0.10927152317880795 1.0
60 0.5761589403973509 0.5 0.08741721854304636 1.0
63 0.6556291390728477 0.5 0.08741721854304636 1.0
53 0.7450331125827815 0.5 0.10927152317880795 1.0
59 0.8211920529801324 0.5 0.05827814569536424 1.0
59 0.8741721854304636 0.5 0.05827814569536424 1.0
56 0.945364238410596 0.5 0.10927152317880795 1.0
