43 0.05147058823529412 0.5 0.10294117647058824 1.0
44 0.14705882352941177 0.5 0.10784313725490197 1.0
44 0.24509803921568626 0.5 0.10784313725490197 1.0
50 0.3431372549019608 0.5 0.10784313725490197 1.0
37 0.4411764705882353 0.5 0.10784313725490197 1.0
65 0.5686274509803921 0.5 0.17254901960784316 1.0
40 0.6960784313725491 0.5 0.10784313725490197 1.0
61 0.7843137254901961 0.5 0.08627450980392158 1.0
44 0.8725490196078431 0.5 0.10784313725490197 1.0
60 0.9568627450980393 0.5 0.08627450980392158 1.0
