58 0.030434782608695653 0.5 0.06086956521739131 1.0
48 0.11231884057971014 0.5 0.11956521739130435 1.0
52 0.22101449275362317 0.5 0.11956521739130435 1.0
61 0.3188405797101449 0.5 0.09565217391304348 1.0
58 0.391304347826087 0.5 0.063768115942029 1.0
48 0.4746376811594203 0.5 0.11956521739130435 1.0
42 0.5833333333333334 0.5 0.11956521739130435 1.0
61 0.681159420289855 0.5 0.09565217391304348 1.0
58 0.7536231884057971 0.5 0.063768115942029 1.0
54 0.8369565217391305 0.5 0.11956521739130435 1.0
44 0.9402173913043478 0.5 0.11956521739130435 1.0
