52 0.040803108808290155 0.5 0.08160621761658031 1.0
42 0.11658031088082901 0.5 0.08549222797927461 1.0
46 0.19430051813471502 0.5 0.08549222797927461 1.0
49 0.272020725388601 0.5 0.08549222797927461 1.0
49 0.34974093264248707 0.5 0.08549222797927461 1.0
59 0.40932642487046633 0.5 0.0455958549222798 1.0
37 0.4689119170984456 0.5 0.08549222797927461 1.0
59 0.5284974093264249 0.5 0.0455958549222798 1.0
44 0.5880829015544041 0.5 0.08549222797927461 1.0
40 0.6658031088082902 0.5 0.08549222797927461 1.0
54 0.7435233160621761 0.5 0.08549222797927461 1.0
44 0.8212435233160622 0.5 0.08549222797927461 1.0
60 0.8911917098445595 0.5 0.0683937823834197 1.0
52 0.9572538860103627 0.5 0.08549222797927461 1.0
