58 0.03230769230769231 0.5 0.06461538461538462 1.0
48 0.11923076923076924 0.5 0.12692307692307694 1.0
62 0.2230769230769231 0.5 0.10153846153846155 1.0
53 0.326923076923077 0.5 0.12692307692307694 1.0
48 0.44230769230769235 0.5 0.12692307692307694 1.0
42 0.5576923076923077 0.5 0.12692307692307694 1.0
61 0.6615384615384616 0.5 0.10153846153846155 1.0
58 0.7384615384615385 0.5 0.0676923076923077 1.0
49 0.826923076923077 0.5 0.12692307692307694 1.0
48 0.9365384615384615 0.5 0.12692307692307694 1.0
