41 0.058768656716417914 0.5 0.11753731343283583 1.0
58 0.1417910447761194 0.5 0.06567164179104477 1.0
61 0.21641791044776118 0.5 0.09850746268656717 1.0
61 0.30597014925373134 0.5 0.09850746268656717 1.0
44 0.40671641791044777 0.5 0.12313432835820896 1.0
60 0.5074626865671642 0.5 0.09850746268656717 1.0
48 0.6082089552238806 0.5 0.12313432835820896 1.0
44 0.7201492537313433 0.5 0.12313432835820896 1.0
52 0.832089552238806 0.5 0.12313432835820896 1.0
52 0.9384328358208955 0.5 0.12313432835820896 1.0
