16 0.08813868613138685 0.5 0.1762773722627737 1.0
58 0.1970802919708029 0.5 0.06423357664233577 1.0
50 0.28102189781021897 0.5 0.12043795620437958 1.0
50 0.39051094890510946 0.5 0.12043795620437958 1.0
58 0.4744525547445256 0.5 0.06423357664233577 1.0
48 0.5583941605839415 0.5 0.12043795620437958 1.0
45 0.6678832116788321 0.5 0.12043795620437958 1.0
37 0.7773722627737226 0.5 0.12043795620437958 1.0
58 0.8613138686131386 0.5 0.06423357664233577 1.0
48 0.9397810218978102 0.5 0.12043795620437958 1.0
