14 0.06822033898305085 0.5 0.1364406779661017 1.0
58 0.15254237288135591 0.5 0.04971751412429379 1.0
61 0.20903954802259886 0.5 0.07457627118644068 1.0
61 0.2768361581920904 0.5 0.07457627118644068 1.0
44 0.3531073446327684 0.5 0.09322033898305085 1.0
60 0.42937853107344637 0.5 0.07457627118644068 1.0
37 0.5056497175141244 0.5 0.09322033898305085 1.0
20 0.6129943502824858 0.5 0.14293785310734464 1.0
44 0.7203389830508474 0.5 0.09322033898305085 1.0
60 0.7966101694915254 0.5 0.07457627118644068 1.0
41 0.8728813559322034 0.5 0.09322033898305085 1.0
52 0.9533898305084746 0.5 0.09322033898305085 1.0
