64 0.07455621301775149 0.5 0.14911242603550298 1.0
44 0.1863905325443787 0.5 0.09763313609467456 1.0
61 0.26627218934911245 0.5 0.07810650887573965 1.0
40 0.34615384615384615 0.5 0.09763313609467456 1.0
50 0.4349112426035503 0.5 0.09763313609467456 1.0
46 0.5236686390532544 0.5 0.09763313609467456 1.0
49 0.6124260355029586 0.5 0.09763313609467456 1.0
60 0.6923076923076923 0.5 0.07810650887573965 1.0
58 0.7514792899408284 0.5 0.05207100591715977 1.0
42 0.8195266272189349 0.5 0.09763313609467456 1.0
40 0.908284023668639 0.5 0.09763313609467456 1.0
59 0.9739644970414201 0.5 0.05207100591715977 1.0
