45 0.05180921052631579 0.5 0.10361842105263158 1.0
49 0.14802631578947367 0.5 0.10855263157894737 1.0
59 0.2236842105263158 0.5 0.05789473684210526 1.0
63 0.2894736842105263 0.5 0.0868421052631579 1.0
37 0.37828947368421056 0.5 0.10855263157894737 1.0
42 0.4769736842105263 0.5 0.10855263157894737 1.0
49 0.575657894736842 0.5 0.10855263157894737 1.0
53 0.6743421052631579 0.5 0.10855263157894737 1.0
60 0.7631578947368421 0.5 0.0868421052631579 1.0
52 0.8519736842105262 0.5 0.10855263157894737 1.0
44 0.9457236842105263 0.5 0.10855263157894737 1.0
