64 0.09064748201438849 0.5 0.18129496402877698 1.0
58 0.20143884892086333 0.5 0.06330935251798563 1.0
45 0.2841726618705036 0.5 0.11870503597122302 1.0
60 0.381294964028777 0.5 0.09496402877697843 1.0
40 0.4784172661870504 0.5 0.11870503597122302 1.0
61 0.5755395683453237 0.5 0.09496402877697843 1.0
58 0.6474820143884893 0.5 0.06330935251798563 1.0
49 0.7302158273381295 0.5 0.11870503597122302 1.0
48 0.8381294964028777 0.5 0.11870503597122302 1.0
52 0.9406474820143885 0.5 0.11870503597122302 1.0
