59 0.031111111111111114 0.5 0.06222222222222223 1.0
49 0.11481481481481481 0.5 0.12222222222222223 1.0
48 0.22592592592592592 0.5 0.12222222222222223 1.0
45 0.337037037037037 0.5 0.12222222222222223 1.0
58 0.4222222222222222 0.5 0.0651851851851852 1.0
60 0.4962962962962963 0.5 0.09777777777777778 1.0
44 0.5962962962962963 0.5 0.12222222222222223 1.0
64 0.7407407407407407 0.5 0.19555555555555557 1.0
58 0.8592592592592593 0.5 0.0651851851851852 1.0
52 0.9388888888888889 0.5 0.12222222222222223 1.0
