62 0.049606299212598425 0.5 0.09921259842519685 1.0
49 0.15354330708661418 0.5 0.1299212598425197 1.0
53 0.27165354330708663 0.5 0.1299212598425197 1.0
60 0.3779527559055118 0.5 0.10393700787401576 1.0
48 0.48425196850393704 0.5 0.1299212598425197 1.0
40 0.6023622047244095 0.5 0.1299212598425197 1.0
59 0.6929133858267715 0.5 0.06929133858267716 1.0
58 0.7559055118110236 0.5 0.06929133858267716 1.0
52 0.8464566929133858 0.5 0.1299212598425197 1.0
61 0.9480314960629921 0.5 0.10393700787401576 1.0
