63 0.04405594405594406 0.5 0.08811188811188812 1.0
60 0.1258741258741259 0.5 0.09230769230769231 1.0
53 0.2202797202797203 0.5 0.11538461538461539 1.0
52 0.32517482517482516 0.5 0.11538461538461539 1.0
61 0.4195804195804196 0.5 0.09230769230769231 1.0
60 0.5034965034965035 0.5 0.09230769230769231 1.0
40 0.5979020979020979 0.5 0.11538461538461539 1.0
61 0.6923076923076924 0.5 0.09230769230769231 1.0
58 0.7622377622377623 0.5 0.06153846153846154 1.0
49 0.8426573426573427 0.5 0.11538461538461539 1.0
48 0.9423076923076923 0.5 0.11538461538461539 1.0
