65 0.0642857142857143 0.5 0.1285714285714286 1.0
44 0.1607142857142857 0.5 0.08418367346938777 1.0
59 0.2193877551020408 0.5 0.044897959183673466 1.0
59 0.2602040816326531 0.5 0.044897959183673466 1.0
37 0.31887755102040816 0.5 0.08418367346938777 1.0
50 0.39540816326530615 0.5 0.08418367346938777 1.0
60 0.46428571428571425 0.5 0.0673469387755102 1.0
49 0.5331632653061225 0.5 0.08418367346938777 1.0
61 0.6020408163265306 0.5 0.0673469387755102 1.0
44 0.6709183673469388 0.5 0.08418367346938777 1.0
42 0.7474489795918366 0.5 0.08418367346938777 1.0
61 0.8163265306122449 0.5 0.0673469387755102 1.0
44 0.885204081632653 0.5 0.08418367346938777 1.0
43 0.9579081632653061 0.5 0.08418367346938777 1.0
