41 0.05393835616438356 0.5 0.10787671232876712 1.0
58 0.13013698630136986 0.5 0.06027397260273973 1.0
59 0.18493150684931506 0.5 0.06027397260273973 1.0
59 0.23972602739726026 0.5 0.06027397260273973 1.0
50 0.31849315068493145 0.5 0.113013698630137 1.0
49 0.42123287671232873 0.5 0.113013698630137 1.0
52 0.523972602739726 0.5 0.113013698630137 1.0
61 0.6164383561643836 0.5 0.09041095890410959 1.0
44 0.708904109589041 0.5 0.113013698630137 1.0
60 0.8013698630136985 0.5 0.09041095890410959 1.0
2 0.8698630136986301 0.5 0.06027397260273973 1.0
52 0.9434931506849316 0.5 0.113013698630137 1.0
