61 0.04632352941176471 0.5 0.09264705882352942 1.0
44 0.14338235294117646 0.5 0.12132352941176472 1.0
60 0.24264705882352944 0.5 0.09705882352941178 1.0
60 0.33088235294117646 0.5 0.09705882352941178 1.0
58 0.40441176470588236 0.5 0.06470588235294118 1.0
61 0.47794117647058826 0.5 0.09705882352941178 1.0
49 0.5772058823529412 0.5 0.12132352941176472 1.0
60 0.676470588235294 0.5 0.09705882352941178 1.0
58 0.75 0.5 0.06470588235294118 1.0
44 0.8345588235294118 0.5 0.12132352941176472 1.0
52 0.9393382352941176 0.5 0.12132352941176472 1.0
