50 0.05706521739130435 0.5 0.1141304347826087 1.0
60 0.15217391304347827 0.5 0.09565217391304348 1.0
49 0.24999999999999997 0.5 0.11956521739130435 1.0
46 0.3586956521739131 0.5 0.11956521739130435 1.0
58 0.4420289855072464 0.5 0.063768115942029 1.0
41 0.5253623188405797 0.5 0.11956521739130435 1.0
58 0.6086956521739131 0.5 0.063768115942029 1.0
61 0.681159420289855 0.5 0.09565217391304348 1.0
58 0.7536231884057971 0.5 0.063768115942029 1.0
49 0.8369565217391305 0.5 0.11956521739130435 1.0
48 0.9402173913043478 0.5 0.11956521739130435 1.0
