43 0.046052631578947366 0.5 0.09210526315789473 1.0
58 0.1111111111111111 0.5 0.05146198830409357 1.0
52 0.1783625730994152 0.5 0.09649122807017545 1.0
61 0.2573099415204678 0.5 0.07719298245614035 1.0
58 0.3157894736842105 0.5 0.05146198830409357 1.0
48 0.3830409356725146 0.5 0.09649122807017545 1.0
45 0.4707602339181286 0.5 0.09649122807017545 1.0
53 0.5584795321637427 0.5 0.09649122807017545 1.0
58 0.6257309941520468 0.5 0.05146198830409357 1.0
52 0.6929824561403509 0.5 0.09649122807017545 1.0
46 0.7807017543859649 0.5 0.09649122807017545 1.0
44 0.8684210526315789 0.5 0.09649122807017545 1.0
43 0.9517543859649122 0.5 0.09649122807017545 1.0
