22 0.05919117647058824 0.5 0.11838235294117648 1.0
40 0.14950980392156862 0.5 0.08088235294117647 1.0
64 0.2450980392156863 0.5 0.12941176470588237 1.0
41 0.34068627450980393 0.5 0.08088235294117647 1.0
44 0.4142156862745098 0.5 0.08088235294117647 1.0
60 0.4803921568627451 0.5 0.06470588235294118 1.0
61 0.5392156862745098 0.5 0.06470588235294118 1.0
37 0.6053921568627451 0.5 0.08088235294117647 1.0
25 0.698529411764706 0.5 0.12401960784313727 1.0
60 0.7843137254901961 0.5 0.06470588235294118 1.0
58 0.8333333333333334 0.5 0.04313725490196079 1.0
42 0.8897058823529411 0.5 0.08088235294117647 1.0
44 0.9595588235294118 0.5 0.08088235294117647 1.0
