42 0.05113636363636364 0.5 0.10227272727272728 1.0
44 0.14610389610389612 0.5 0.10714285714285715 1.0
60 0.2337662337662338 0.5 0.08571428571428572 1.0
61 0.3116883116883117 0.5 0.08571428571428572 1.0
58 0.37662337662337664 0.5 0.05714285714285715 1.0
63 0.4415584415584416 0.5 0.08571428571428572 1.0
58 0.5064935064935064 0.5 0.05714285714285715 1.0
42 0.5811688311688312 0.5 0.10714285714285715 1.0
40 0.6785714285714286 0.5 0.10714285714285715 1.0
61 0.7662337662337663 0.5 0.08571428571428572 1.0
44 0.8538961038961039 0.5 0.10714285714285715 1.0
43 0.9464285714285714 0.5 0.10714285714285715 1.0
