58 0.0358974358974359 0.5 0.0717948717948718 1.0
60 0.11965811965811966 0.5 0.11282051282051282 1.0
60 0.2222222222222222 0.5 0.11282051282051282 1.0
58 0.3076923076923077 0.5 0.07521367521367522 1.0
61 0.39316239316239315 0.5 0.11282051282051282 1.0
40 0.5085470085470085 0.5 0.14102564102564102 1.0
61 0.6239316239316239 0.5 0.11282051282051282 1.0
58 0.7094017094017094 0.5 0.07521367521367522 1.0
49 0.8076923076923077 0.5 0.14102564102564102 1.0
48 0.9294871794871795 0.5 0.14102564102564102 1.0
