15 0.05890243902439025 0.5 0.1178048780487805 1.0
49 0.14878048780487804 0.5 0.08048780487804878 1.0
64 0.24390243902439024 0.5 0.12878048780487808 1.0
64 0.36097560975609755 0.5 0.12878048780487808 1.0
44 0.4560975609756098 0.5 0.08048780487804878 1.0
48 0.5292682926829269 0.5 0.08048780487804878 1.0
61 0.5951219512195123 0.5 0.06439024390243904 1.0
40 0.6609756097560976 0.5 0.08048780487804878 1.0
61 0.7268292682926829 0.5 0.06439024390243904 1.0
49 0.7926829268292683 0.5 0.08048780487804878 1.0
60 0.8585365853658536 0.5 0.06439024390243904 1.0
2 0.9073170731707317 0.5 0.042926829268292686 1.0
52 0.9597560975609756 0.5 0.08048780487804878 1.0
