43 0.052500000000000005 0.5 0.10500000000000001 1.0
58 0.12666666666666668 0.5 0.05866666666666667 1.0
52 0.20333333333333337 0.5 0.11000000000000001 1.0
61 0.29333333333333333 0.5 0.08800000000000001 1.0
60 0.37333333333333335 0.5 0.08800000000000001 1.0
58 0.44 0.5 0.05866666666666667 1.0
41 0.5166666666666667 0.5 0.11000000000000001 1.0
53 0.6166666666666667 0.5 0.11000000000000001 1.0
61 0.7066666666666668 0.5 0.08800000000000001 1.0
58 0.7733333333333333 0.5 0.05866666666666667 1.0
49 0.8500000000000001 0.5 0.11000000000000001 1.0
48 0.945 0.5 0.11000000000000001 1.0
