50 0.057904411764705885 0.5 0.11580882352941177 1.0
40 0.16544117647058823 0.5 0.12132352941176472 1.0
48 0.2757352941176471 0.5 0.12132352941176472 1.0
58 0.3602941176470588 0.5 0.06470588235294118 1.0
49 0.44485294117647056 0.5 0.12132352941176472 1.0
48 0.5551470588235294 0.5 0.12132352941176472 1.0
52 0.6654411764705882 0.5 0.12132352941176472 1.0
46 0.7757352941176471 0.5 0.12132352941176472 1.0
58 0.8602941176470588 0.5 0.06470588235294118 1.0
50 0.9393382352941176 0.5 0.12132352941176472 1.0
