50 0.04984177215189874 0.5 0.09968354430379749 1.0
49 0.14240506329113925 0.5 0.10443037974683546 1.0
52 0.23734177215189875 0.5 0.10443037974683546 1.0
52 0.3322784810126582 0.5 0.10443037974683546 1.0
44 0.4272151898734178 0.5 0.10443037974683546 1.0
52 0.5221518987341772 0.5 0.10443037974683546 1.0
52 0.6170886075949368 0.5 0.10443037974683546 1.0
58 0.689873417721519 0.5 0.055696202531645575 1.0
49 0.7626582278481013 0.5 0.10443037974683546 1.0
48 0.8575949367088609 0.5 0.10443037974683546 1.0
52 0.9477848101265822 0.5 0.10443037974683546 1.0
