46 0.05706521739130435 0.5 0.1141304347826087 1.0
49 0.16304347826086957 0.5 0.11956521739130435 1.0
52 0.2717391304347826 0.5 0.11956521739130435 1.0
50 0.3804347826086957 0.5 0.11956521739130435 1.0
58 0.463768115942029 0.5 0.063768115942029 1.0
61 0.536231884057971 0.5 0.09565217391304348 1.0
40 0.6340579710144928 0.5 0.11956521739130435 1.0
59 0.717391304347826 0.5 0.063768115942029 1.0
58 0.7753623188405797 0.5 0.063768115942029 1.0
61 0.8478260869565217 0.5 0.09565217391304348 1.0
56 0.9402173913043478 0.5 0.11956521739130435 1.0
