43 0.04861111111111111 0.5 0.09722222222222222 1.0
60 0.12962962962962962 0.5 0.08148148148148149 1.0
40 0.21296296296296297 0.5 0.10185185185185186 1.0
64 0.3333333333333333 0.5 0.16296296296296298 1.0
40 0.45370370370370366 0.5 0.10185185185185186 1.0
61 0.537037037037037 0.5 0.08148148148148149 1.0
58 0.5987654320987654 0.5 0.05432098765432099 1.0
42 0.6697530864197531 0.5 0.10185185185185186 1.0
40 0.7623456790123456 0.5 0.10185185185185186 1.0
59 0.8333333333333333 0.5 0.05432098765432099 1.0
59 0.882716049382716 0.5 0.05432098765432099 1.0
56 0.9490740740740741 0.5 0.10185185185185186 1.0
