42 0.04831288343558282 0.5 0.09662576687116564 1.0
49 0.1380368098159509 0.5 0.10122699386503067 1.0
48 0.23006134969325154 0.5 0.10122699386503067 1.0
61 0.31288343558282206 0.5 0.08098159509202456 1.0
58 0.37423312883435583 0.5 0.0539877300613497 1.0
48 0.4447852760736196 0.5 0.10122699386503067 1.0
53 0.5368098159509203 0.5 0.10122699386503067 1.0
49 0.6288343558282208 0.5 0.10122699386503067 1.0
53 0.7208588957055214 0.5 0.10122699386503067 1.0
52 0.8128834355828221 0.5 0.10122699386503067 1.0
59 0.8834355828220858 0.5 0.0539877300613497 1.0
56 0.9493865030674846 0.5 0.10122699386503067 1.0
