45 0.04233870967741936 0.5 0.08467741935483872 1.0
60 0.11290322580645161 0.5 0.07096774193548387 1.0
40 0.1854838709677419 0.5 0.08870967741935484 1.0
48 0.2661290322580645 0.5 0.08870967741935484 1.0
43 0.3467741935483871 0.5 0.08870967741935484 1.0
43 0.4274193548387097 0.5 0.08870967741935484 1.0
40 0.5080645161290323 0.5 0.08870967741935484 1.0
53 0.5887096774193548 0.5 0.08870967741935484 1.0
45 0.6693548387096774 0.5 0.08870967741935484 1.0
46 0.75 0.5 0.08870967741935484 1.0
61 0.8225806451612903 0.5 0.07096774193548387 1.0
44 0.8951612903225806 0.5 0.08870967741935484 1.0
60 0.964516129032258 0.5 0.07096774193548387 1.0
