49 0.05048076923076924 0.5 0.10096153846153848 1.0
53 0.14423076923076925 0.5 0.10576923076923078 1.0
61 0.23076923076923078 0.5 0.08461538461538462 1.0
37 0.31730769230769235 0.5 0.10576923076923078 1.0
49 0.4134615384615385 0.5 0.10576923076923078 1.0
63 0.5 0.5 0.08461538461538462 1.0
37 0.5865384615384617 0.5 0.10576923076923078 1.0
43 0.6826923076923078 0.5 0.10576923076923078 1.0
40 0.778846153846154 0.5 0.10576923076923078 1.0
61 0.8653846153846154 0.5 0.08461538461538462 1.0
44 0.9471153846153846 0.5 0.10576923076923078 1.0
