44 0.05545774647887324 0.5 0.11091549295774648 1.0
64 0.19014084507042253 0.5 0.18591549295774648 1.0
58 0.3028169014084507 0.5 0.0619718309859155 1.0
52 0.38380281690140844 0.5 0.11619718309859156 1.0
52 0.4894366197183098 0.5 0.11619718309859156 1.0
40 0.5950704225352113 0.5 0.11619718309859156 1.0
60 0.6901408450704225 0.5 0.09295774647887324 1.0
58 0.7605633802816901 0.5 0.0619718309859155 1.0
44 0.8415492957746479 0.5 0.11619718309859156 1.0
52 0.9419014084507042 0.5 0.11619718309859156 1.0
