42 0.053209459459459464 0.5 0.10641891891891893 1.0
49 0.15202702702702703 0.5 0.1114864864864865 1.0
48 0.2533783783783784 0.5 0.1114864864864865 1.0
52 0.3547297297297297 0.5 0.1114864864864865 1.0
58 0.43243243243243246 0.5 0.05945945945945947 1.0
43 0.5101351351351352 0.5 0.1114864864864865 1.0
44 0.6114864864864865 0.5 0.1114864864864865 1.0
60 0.7027027027027027 0.5 0.08918918918918921 1.0
58 0.7702702702702704 0.5 0.05945945945945947 1.0
48 0.847972972972973 0.5 0.1114864864864865 1.0
45 0.9442567567567568 0.5 0.1114864864864865 1.0
