16 0.07840909090909091 0.5 0.15681818181818183 1.0
49 0.19805194805194803 0.5 0.10714285714285715 1.0
65 0.3246753246753247 0.5 0.17142857142857143 1.0
48 0.4512987012987013 0.5 0.10714285714285715 1.0
52 0.5487012987012987 0.5 0.10714285714285715 1.0
61 0.6363636363636364 0.5 0.08571428571428572 1.0
40 0.724025974025974 0.5 0.10714285714285715 1.0
58 0.7987012987012987 0.5 0.05714285714285715 1.0
60 0.8636363636363636 0.5 0.08571428571428572 1.0
52 0.9464285714285714 0.5 0.10714285714285715 1.0
