29 0.07362804878048781 0.5 0.14725609756097563 1.0
60 0.17682926829268295 0.5 0.08048780487804878 1.0
44 0.25914634146341464 0.5 0.10060975609756098 1.0
64 0.3780487804878049 0.5 0.16097560975609757 1.0
44 0.4969512195121951 0.5 0.10060975609756098 1.0
48 0.5884146341463415 0.5 0.10060975609756098 1.0
43 0.6798780487804879 0.5 0.10060975609756098 1.0
49 0.7713414634146342 0.5 0.10060975609756098 1.0
53 0.8628048780487805 0.5 0.10060975609756098 1.0
52 0.9496951219512195 0.5 0.10060975609756098 1.0
