64 0.06885245901639345 0.5 0.1377049180327869 1.0
49 0.1721311475409836 0.5 0.09016393442622951 1.0
59 0.23497267759562843 0.5 0.048087431693989074 1.0
59 0.27868852459016397 0.5 0.048087431693989074 1.0
56 0.34153005464480873 0.5 0.09016393442622951 1.0
37 0.4234972677595628 0.5 0.09016393442622951 1.0
42 0.505464480874317 0.5 0.09016393442622951 1.0
49 0.587431693989071 0.5 0.09016393442622951 1.0
43 0.6693989071038252 0.5 0.09016393442622951 1.0
43 0.7513661202185793 0.5 0.09016393442622951 1.0
59 0.8142076502732241 0.5 0.048087431693989074 1.0
44 0.8770491803278688 0.5 0.09016393442622951 1.0
43 0.9549180327868853 0.5 0.09016393442622951 1.0
