64 0.07974683544303798 0.5 0.15949367088607597 1.0
44 0.19936708860759494 0.5 0.10443037974683546 1.0
64 0.3227848101265823 0.5 0.16708860759493674 1.0
41 0.44620253164556967 0.5 0.10443037974683546 1.0
44 0.5411392405063291 0.5 0.10443037974683546 1.0
60 0.6265822784810127 0.5 0.08354430379746837 1.0
52 0.7120253164556962 0.5 0.10443037974683546 1.0
46 0.8069620253164558 0.5 0.10443037974683546 1.0
58 0.879746835443038 0.5 0.055696202531645575 1.0
50 0.9477848101265822 0.5 0.10443037974683546 1.0
