52 0.03515625 0.5 0.0703125 1.0
61 0.09375 0.5 0.05892857142857143 1.0
60 0.14732142857142855 0.5 0.05892857142857143 1.0
40 0.2075892857142857 0.5 0.07366071428571429 1.0
58 0.2589285714285714 0.5 0.039285714285714285 1.0
45 0.31026785714285715 0.5 0.07366071428571429 1.0
46 0.37723214285714285 0.5 0.07366071428571429 1.0
61 0.4375 0.5 0.05892857142857143 1.0
37 0.4977678571428571 0.5 0.07366071428571429 1.0
63 0.5580357142857143 0.5 0.05892857142857143 1.0
49 0.6183035714285715 0.5 0.07366071428571429 1.0
60 0.6785714285714286 0.5 0.05892857142857143 1.0
65 0.7589285714285714 0.5 0.11785714285714285 1.0
40 0.8459821428571429 0.5 0.07366071428571429 1.0
60 0.90625 0.5 0.05892857142857143 1.0
43 0.9631696428571429 0.5 0.07366071428571429 1.0
