64 0.0782608695652174 0.5 0.1565217391304348 1.0
49 0.1956521739130435 0.5 0.10248447204968944 1.0
48 0.2888198757763975 0.5 0.10248447204968944 1.0
40 0.3819875776397515 0.5 0.10248447204968944 1.0
52 0.47515527950310554 0.5 0.10248447204968944 1.0
61 0.5590062111801242 0.5 0.08198757763975156 1.0
44 0.6428571428571429 0.5 0.10248447204968944 1.0
60 0.7267080745341614 0.5 0.08198757763975156 1.0
58 0.7888198757763976 0.5 0.0546583850931677 1.0
44 0.860248447204969 0.5 0.10248447204968944 1.0
52 0.9487577639751553 0.5 0.10248447204968944 1.0
