45 0.05921052631578947 0.5 0.11842105263157894 1.0
60 0.15789473684210525 0.5 0.09924812030075188 1.0
53 0.2593984962406015 0.5 0.12406015037593986 1.0
43 0.3721804511278195 0.5 0.12406015037593986 1.0
45 0.4849624060150376 0.5 0.12406015037593986 1.0
58 0.5714285714285714 0.5 0.0661654135338346 1.0
48 0.6578947368421052 0.5 0.12406015037593986 1.0
45 0.7706766917293232 0.5 0.12406015037593986 1.0
59 0.8571428571428571 0.5 0.0661654135338346 1.0
56 0.9379699248120301 0.5 0.12406015037593986 1.0
