52 0.058768656716417914 0.5 0.11753731343283583 1.0
53 0.16791044776119404 0.5 0.12313432835820896 1.0
41 0.27985074626865675 0.5 0.12313432835820896 1.0
52 0.3917910447761194 0.5 0.12313432835820896 1.0
61 0.49253731343283585 0.5 0.09850746268656717 1.0
58 0.5671641791044776 0.5 0.06567164179104477 1.0
61 0.6417910447761195 0.5 0.09850746268656717 1.0
53 0.7425373134328358 0.5 0.12313432835820896 1.0
61 0.8432835820895522 0.5 0.09850746268656717 1.0
44 0.9384328358208955 0.5 0.12313432835820896 1.0
