42 0.04831288343558282 0.5 0.09662576687116564 1.0
49 0.1380368098159509 0.5 0.10122699386503067 1.0
48 0.23006134969325154 0.5 0.10122699386503067 1.0
54 0.3220858895705521 0.5 0.10122699386503067 1.0
44 0.41411042944785276 0.5 0.10122699386503067 1.0
48 0.5061349693251533 0.5 0.10122699386503067 1.0
61 0.5889570552147239 0.5 0.08098159509202456 1.0
58 0.6503067484662576 0.5 0.0539877300613497 1.0
49 0.7208588957055214 0.5 0.10122699386503067 1.0
48 0.8128834355828221 0.5 0.10122699386503067 1.0
40 0.9049079754601226 0.5 0.10122699386503067 1.0
59 0.9730061349693252 0.5 0.0539877300613497 1.0
