43 0.04350828729281768 0.5 0.08701657458563536 1.0
44 0.12430939226519336 0.5 0.09116022099447514 1.0
61 0.19889502762430938 0.5 0.07292817679558011 1.0
44 0.2734806629834254 0.5 0.09116022099447514 1.0
60 0.34806629834254144 0.5 0.07292817679558011 1.0
64 0.4475138121546961 0.5 0.14585635359116023 1.0
58 0.5359116022099448 0.5 0.04861878453038674 1.0
48 0.5994475138121547 0.5 0.09116022099447514 1.0
40 0.6823204419889501 0.5 0.09116022099447514 1.0
61 0.7569060773480663 0.5 0.07292817679558011 1.0
58 0.8121546961325967 0.5 0.04861878453038674 1.0
49 0.8756906077348066 0.5 0.09116022099447514 1.0
48 0.9544198895027625 0.5 0.09116022099447514 1.0
