42 0.04801829268292683 0.5 0.09603658536585366 1.0
49 0.13719512195121952 0.5 0.10060975609756098 1.0
60 0.21951219512195122 0.5 0.08048780487804878 1.0
50 0.3018292682926829 0.5 0.10060975609756098 1.0
49 0.39329268292682923 0.5 0.10060975609756098 1.0
60 0.47560975609756095 0.5 0.08048780487804878 1.0
40 0.5579268292682927 0.5 0.10060975609756098 1.0
61 0.6402439024390244 0.5 0.08048780487804878 1.0
58 0.7012195121951219 0.5 0.05365853658536586 1.0
49 0.7713414634146342 0.5 0.10060975609756098 1.0
48 0.8628048780487805 0.5 0.10060975609756098 1.0
52 0.9496951219512195 0.5 0.10060975609756098 1.0
