42 0.0521523178807947 0.5 0.1043046357615894 1.0
49 0.14900662251655628 0.5 0.10927152317880795 1.0
64 0.2781456953642384 0.5 0.17483443708609273 1.0
64 0.4370860927152318 0.5 0.17483443708609273 1.0
44 0.5662251655629139 0.5 0.10927152317880795 1.0
60 0.6556291390728477 0.5 0.08741721854304636 1.0
42 0.7450331125827815 0.5 0.10927152317880795 1.0
58 0.8211920529801324 0.5 0.05827814569536424 1.0
40 0.8973509933774835 0.5 0.10927152317880795 1.0
59 0.9708609271523179 0.5 0.05827814569536424 1.0
