40 0.05015923566878981 0.5 0.10031847133757962 1.0
59 0.12101910828025478 0.5 0.05605095541401275 1.0
61 0.18471337579617836 0.5 0.08407643312101912 1.0
44 0.27070063694267515 0.5 0.1050955414012739 1.0
60 0.356687898089172 0.5 0.08407643312101912 1.0
48 0.4426751592356688 0.5 0.1050955414012739 1.0
40 0.5382165605095541 0.5 0.1050955414012739 1.0
61 0.6242038216560509 0.5 0.08407643312101912 1.0
58 0.6878980891719746 0.5 0.05605095541401275 1.0
54 0.7611464968152867 0.5 0.1050955414012739 1.0
44 0.856687898089172 0.5 0.1050955414012739 1.0
52 0.947452229299363 0.5 0.1050955414012739 1.0
