53 0.047155688622754495 0.5 0.09431137724550899 1.0
48 0.1347305389221557 0.5 0.09880239520958084 1.0
40 0.2245508982035928 0.5 0.09880239520958084 1.0
64 0.3413173652694611 0.5 0.15808383233532936 1.0
41 0.45808383233532934 0.5 0.09880239520958084 1.0
58 0.5269461077844311 0.5 0.05269461077844312 1.0
45 0.5958083832335329 0.5 0.09880239520958084 1.0
53 0.6856287425149701 0.5 0.09880239520958084 1.0
49 0.7754491017964071 0.5 0.09880239520958084 1.0
53 0.8652694610778443 0.5 0.09880239520958084 1.0
52 0.9505988023952096 0.5 0.09880239520958084 1.0
