58 0.028000000000000004 0.5 0.05600000000000001 1.0
48 0.10333333333333333 0.5 0.11000000000000001 1.0
45 0.20333333333333337 0.5 0.11000000000000001 1.0
60 0.29333333333333333 0.5 0.08800000000000001 1.0
40 0.38333333333333336 0.5 0.11000000000000001 1.0
61 0.47333333333333333 0.5 0.08800000000000001 1.0
58 0.5399999999999999 0.5 0.05866666666666667 1.0
40 0.6166666666666667 0.5 0.11000000000000001 1.0
61 0.7066666666666668 0.5 0.08800000000000001 1.0
58 0.7733333333333333 0.5 0.05866666666666667 1.0
48 0.8500000000000001 0.5 0.11000000000000001 1.0
45 0.945 0.5 0.11000000000000001 1.0
