42 0.03860294117647059 0.5 0.07720588235294118 1.0
49 0.11029411764705882 0.5 0.08088235294117647 1.0
64 0.20588235294117646 0.5 0.12941176470588237 1.0
64 0.3235294117647059 0.5 0.12941176470588237 1.0
40 0.4191176470588235 0.5 0.08088235294117647 1.0
48 0.4926470588235294 0.5 0.08088235294117647 1.0
43 0.5661764705882353 0.5 0.08088235294117647 1.0
64 0.6617647058823529 0.5 0.12941176470588237 1.0
44 0.7573529411764706 0.5 0.08088235294117647 1.0
48 0.8308823529411765 0.5 0.08088235294117647 1.0
61 0.8970588235294118 0.5 0.06470588235294118 1.0
52 0.9595588235294118 0.5 0.08088235294117647 1.0
