43 0.05285234899328859 0.5 0.10570469798657718 1.0
58 0.12751677852348992 0.5 0.059060402684563765 1.0
63 0.19463087248322147 0.5 0.08859060402684564 1.0
63 0.2751677852348993 0.5 0.08859060402684564 1.0
44 0.3657718120805369 0.5 0.11073825503355705 1.0
60 0.45637583892617445 0.5 0.08859060402684564 1.0
44 0.546979865771812 0.5 0.11073825503355705 1.0
48 0.6476510067114093 0.5 0.11073825503355705 1.0
42 0.7483221476510067 0.5 0.11073825503355705 1.0
44 0.848993288590604 0.5 0.11073825503355705 1.0
52 0.9446308724832215 0.5 0.11073825503355705 1.0
