51 0.047155688622754495 0.5 0.09431137724550899 1.0
53 0.1347305389221557 0.5 0.09880239520958084 1.0
58 0.20359281437125748 0.5 0.05269461077844312 1.0
42 0.2724550898203593 0.5 0.09880239520958084 1.0
47 0.36227544910179643 0.5 0.09880239520958084 1.0
37 0.45209580838323354 0.5 0.09880239520958084 1.0
63 0.5329341317365269 0.5 0.07904191616766468 1.0
60 0.6047904191616766 0.5 0.07904191616766468 1.0
49 0.6856287425149701 0.5 0.09880239520958084 1.0
57 0.7754491017964071 0.5 0.09880239520958084 1.0
44 0.8652694610778443 0.5 0.09880239520958084 1.0
48 0.9505988023952096 0.5 0.09880239520958084 1.0
