40 0.058768656716417914 0.5 0.11753731343283583 1.0
59 0.1417910447761194 0.5 0.06567164179104477 1.0
59 0.20149253731343283 0.5 0.06567164179104477 1.0
44 0.2873134328358209 0.5 0.12313432835820896 1.0
54 0.39925373134328357 0.5 0.12313432835820896 1.0
58 0.4850746268656716 0.5 0.06567164179104477 1.0
40 0.5708955223880597 0.5 0.12313432835820896 1.0
61 0.6716417910447762 0.5 0.09850746268656717 1.0
58 0.7462686567164178 0.5 0.06567164179104477 1.0
49 0.832089552238806 0.5 0.12313432835820896 1.0
48 0.9384328358208955 0.5 0.12313432835820896 1.0
