60 0.03888888888888889 0.5 0.07777777777777778 1.0
44 0.12037037037037036 0.5 0.10185185185185186 1.0
64 0.24074074074074073 0.5 0.16296296296296298 1.0
44 0.36111111111111105 0.5 0.10185185185185186 1.0
64 0.48148148148148145 0.5 0.16296296296296298 1.0
41 0.6018518518518519 0.5 0.10185185185185186 1.0
44 0.6944444444444444 0.5 0.10185185185185186 1.0
60 0.7777777777777777 0.5 0.08148148148148149 1.0
44 0.861111111111111 0.5 0.10185185185185186 1.0
43 0.9490740740740741 0.5 0.10185185185185186 1.0
