52 0.047155688622754495 0.5 0.09431137724550899 1.0
58 0.11377245508982037 0.5 0.05269461077844312 1.0
55 0.18263473053892215 0.5 0.09880239520958084 1.0
37 0.2724550898203593 0.5 0.09880239520958084 1.0
52 0.36227544910179643 0.5 0.09880239520958084 1.0
46 0.45209580838323354 0.5 0.09880239520958084 1.0
49 0.5419161676646707 0.5 0.09880239520958084 1.0
49 0.6317365269461077 0.5 0.09880239520958084 1.0
61 0.7125748502994012 0.5 0.07904191616766468 1.0
44 0.7934131736526946 0.5 0.09880239520958084 1.0
60 0.8742514970059879 0.5 0.07904191616766468 1.0
52 0.9505988023952096 0.5 0.09880239520958084 1.0
