39 0.12717391304347828 0.5 0.25434782608695655 1.0
58 0.2670807453416149 0.5 0.0546583850931677 1.0
48 0.3385093167701863 0.5 0.10248447204968944 1.0
42 0.43167701863354035 0.5 0.10248447204968944 1.0
46 0.5248447204968945 0.5 0.10248447204968944 1.0
44 0.6180124223602484 0.5 0.10248447204968944 1.0
52 0.7111801242236025 0.5 0.10248447204968944 1.0
61 0.7950310559006211 0.5 0.08198757763975156 1.0
44 0.8788819875776398 0.5 0.10248447204968944 1.0
60 0.9590062111801242 0.5 0.08198757763975156 1.0
