61 0.04701492537313433 0.5 0.09402985074626866 1.0
53 0.1455223880597015 0.5 0.12313432835820896 1.0
60 0.2462686567164179 0.5 0.09850746268656717 1.0
61 0.3358208955223881 0.5 0.09850746268656717 1.0
59 0.4104477611940298 0.5 0.06567164179104477 1.0
44 0.4962686567164179 0.5 0.12313432835820896 1.0
43 0.6082089552238806 0.5 0.12313432835820896 1.0
49 0.7201492537313433 0.5 0.12313432835820896 1.0
54 0.832089552238806 0.5 0.12313432835820896 1.0
44 0.9384328358208955 0.5 0.12313432835820896 1.0
