60 0.04701492537313433 0.5 0.09402985074626866 1.0
44 0.1455223880597015 0.5 0.12313432835820896 1.0
52 0.2574626865671642 0.5 0.12313432835820896 1.0
61 0.35820895522388063 0.5 0.09850746268656717 1.0
60 0.44776119402985076 0.5 0.09850746268656717 1.0
40 0.5485074626865671 0.5 0.12313432835820896 1.0
58 0.6343283582089552 0.5 0.06567164179104477 1.0
48 0.7201492537313433 0.5 0.12313432835820896 1.0
44 0.832089552238806 0.5 0.12313432835820896 1.0
43 0.9384328358208955 0.5 0.12313432835820896 1.0
