58 0.028767123287671233 0.5 0.057534246575342465 1.0
48 0.10616438356164383 0.5 0.113013698630137 1.0
61 0.19863013698630136 0.5 0.09041095890410959 1.0
44 0.2910958904109589 0.5 0.113013698630137 1.0
60 0.3835616438356164 0.5 0.09041095890410959 1.0
60 0.4657534246575342 0.5 0.09041095890410959 1.0
53 0.5582191780821918 0.5 0.113013698630137 1.0
50 0.660958904109589 0.5 0.113013698630137 1.0
61 0.7534246575342465 0.5 0.09041095890410959 1.0
44 0.845890410958904 0.5 0.113013698630137 1.0
43 0.9434931506849316 0.5 0.113013698630137 1.0
