52 0.053209459459459464 0.5 0.10641891891891893 1.0
53 0.15202702702702703 0.5 0.1114864864864865 1.0
52 0.2533783783783784 0.5 0.1114864864864865 1.0
42 0.3547297297297297 0.5 0.1114864864864865 1.0
44 0.4560810810810811 0.5 0.1114864864864865 1.0
50 0.5574324324324325 0.5 0.1114864864864865 1.0
61 0.6486486486486487 0.5 0.08918918918918921 1.0
58 0.7162162162162162 0.5 0.05945945945945947 1.0
41 0.793918918918919 0.5 0.1114864864864865 1.0
59 0.8716216216216217 0.5 0.05945945945945947 1.0
44 0.9442567567567568 0.5 0.1114864864864865 1.0
