13 0.06979768786127168 0.5 0.13959537572254335 1.0
59 0.1560693641618497 0.5 0.05086705202312139 1.0
61 0.2138728323699422 0.5 0.07630057803468208 1.0
44 0.29190751445086704 0.5 0.09537572254335261 1.0
60 0.3699421965317919 0.5 0.07630057803468208 1.0
48 0.44797687861271673 0.5 0.09537572254335261 1.0
40 0.5346820809248555 0.5 0.09537572254335261 1.0
61 0.6127167630057803 0.5 0.07630057803468208 1.0
58 0.6705202312138728 0.5 0.05086705202312139 1.0
54 0.7369942196531791 0.5 0.09537572254335261 1.0
44 0.8236994219653179 0.5 0.09537572254335261 1.0
59 0.8901734104046242 0.5 0.05086705202312139 1.0
56 0.9523121387283237 0.5 0.09537572254335261 1.0
