5 0.04399441340782123 0.5 0.08798882681564246 1.0
3 0.12569832402234637 0.5 0.09217877094972067 1.0
37 0.2094972067039106 0.5 0.09217877094972067 1.0
64 0.31843575418994413 0.5 0.14748603351955308 1.0
49 0.4273743016759776 0.5 0.09217877094972067 1.0
48 0.5111731843575419 0.5 0.09217877094972067 1.0
61 0.5865921787709497 0.5 0.07374301675977654 1.0
46 0.6620111731843575 0.5 0.09217877094972067 1.0
37 0.7458100558659218 0.5 0.09217877094972067 1.0
49 0.8296089385474861 0.5 0.09217877094972067 1.0
59 0.8938547486033519 0.5 0.04916201117318436 1.0
43 0.9539106145251397 0.5 0.09217877094972067 1.0
