39 0.11835260115606937 0.5 0.23670520231213873 1.0
44 0.26878612716763006 0.5 0.09537572254335261 1.0
60 0.3468208092485549 0.5 0.07630057803468208 1.0
44 0.42485549132947975 0.5 0.09537572254335261 1.0
65 0.5375722543352601 0.5 0.15260115606936417 1.0
49 0.6502890173410404 0.5 0.09537572254335261 1.0
59 0.7167630057803468 0.5 0.05086705202312139 1.0
54 0.7832369942196531 0.5 0.09537572254335261 1.0
44 0.8699421965317918 0.5 0.09537572254335261 1.0
52 0.9523121387283237 0.5 0.09537572254335261 1.0
