44 0.03822815533980582 0.5 0.07645631067961164 1.0
48 0.10922330097087378 0.5 0.08009708737864078 1.0
61 0.17475728155339804 0.5 0.06407766990291262 1.0
46 0.24029126213592233 0.5 0.08009708737864078 1.0
53 0.3131067961165048 0.5 0.08009708737864078 1.0
52 0.3859223300970873 0.5 0.08009708737864078 1.0
58 0.44174757281553395 0.5 0.04271844660194175 1.0
40 0.49757281553398053 0.5 0.08009708737864078 1.0
52 0.5703883495145631 0.5 0.08009708737864078 1.0
61 0.6359223300970873 0.5 0.06407766990291262 1.0
58 0.6844660194174756 0.5 0.04271844660194175 1.0
42 0.7402912621359222 0.5 0.08009708737864078 1.0
40 0.8131067961165048 0.5 0.08009708737864078 1.0
59 0.8689320388349514 0.5 0.04271844660194175 1.0
59 0.9077669902912621 0.5 0.04271844660194175 1.0
56 0.9599514563106796 0.5 0.08009708737864078 1.0
