15 0.09011194029850747 0.5 0.18022388059701494 1.0
40 0.22761194029850745 0.5 0.12313432835820896 1.0
59 0.3134328358208955 0.5 0.06567164179104477 1.0
54 0.39925373134328357 0.5 0.12313432835820896 1.0
58 0.4850746268656716 0.5 0.06567164179104477 1.0
48 0.5708955223880597 0.5 0.12313432835820896 1.0
58 0.6567164179104478 0.5 0.06567164179104477 1.0
52 0.7425373134328358 0.5 0.12313432835820896 1.0
61 0.8432835820895522 0.5 0.09850746268656717 1.0
52 0.9384328358208955 0.5 0.12313432835820896 1.0
