53 0.05431034482758621 0.5 0.10862068965517242 1.0
48 0.15517241379310345 0.5 0.11379310344827587 1.0
42 0.25862068965517243 0.5 0.11379310344827587 1.0
44 0.3620689655172414 0.5 0.11379310344827587 1.0
60 0.45517241379310347 0.5 0.0910344827586207 1.0
61 0.5379310344827586 0.5 0.0910344827586207 1.0
40 0.6310344827586207 0.5 0.11379310344827587 1.0
58 0.710344827586207 0.5 0.0606896551724138 1.0
48 0.7896551724137931 0.5 0.11379310344827587 1.0
59 0.8689655172413793 0.5 0.0606896551724138 1.0
56 0.943103448275862 0.5 0.11379310344827587 1.0
