25 0.06160714285714286 0.5 0.12321428571428572 1.0
60 0.14795918367346939 0.5 0.0673469387755102 1.0
49 0.21683673469387754 0.5 0.08418367346938777 1.0
61 0.2857142857142857 0.5 0.0673469387755102 1.0
44 0.3545918367346939 0.5 0.08418367346938777 1.0
42 0.43112244897959184 0.5 0.08418367346938777 1.0
61 0.5 0.5 0.0673469387755102 1.0
49 0.5688775510204082 0.5 0.08418367346938777 1.0
60 0.6377551020408164 0.5 0.0673469387755102 1.0
40 0.7066326530612245 0.5 0.08418367346938777 1.0
61 0.7755102040816327 0.5 0.0673469387755102 1.0
44 0.8443877551020408 0.5 0.08418367346938777 1.0
2 0.903061224489796 0.5 0.044897959183673466 1.0
52 0.9579081632653061 0.5 0.08418367346938777 1.0
