50 0.04831288343558282 0.5 0.09662576687116564 1.0
52 0.1380368098159509 0.5 0.10122699386503067 1.0
56 0.23006134969325154 0.5 0.10122699386503067 1.0
42 0.3220858895705521 0.5 0.10122699386503067 1.0
46 0.41411042944785276 0.5 0.10122699386503067 1.0
49 0.5061349693251533 0.5 0.10122699386503067 1.0
59 0.5766871165644171 0.5 0.0539877300613497 1.0
49 0.6472392638036809 0.5 0.10122699386503067 1.0
45 0.7392638036809815 0.5 0.10122699386503067 1.0
58 0.8098159509202454 0.5 0.0539877300613497 1.0
52 0.8803680981595091 0.5 0.10122699386503067 1.0
61 0.9595092024539877 0.5 0.08098159509202456 1.0
