42 0.05048076923076924 0.5 0.10096153846153848 1.0
49 0.14423076923076925 0.5 0.10576923076923078 1.0
48 0.2403846153846154 0.5 0.10576923076923078 1.0
61 0.326923076923077 0.5 0.08461538461538462 1.0
60 0.40384615384615385 0.5 0.08461538461538462 1.0
49 0.4903846153846154 0.5 0.10576923076923078 1.0
54 0.5865384615384617 0.5 0.10576923076923078 1.0
44 0.6826923076923078 0.5 0.10576923076923078 1.0
60 0.7692307692307693 0.5 0.08461538461538462 1.0
52 0.8557692307692308 0.5 0.10576923076923078 1.0
56 0.9471153846153846 0.5 0.10576923076923078 1.0
