43 0.060576923076923084 0.5 0.12115384615384617 1.0
58 0.14615384615384616 0.5 0.0676923076923077 1.0
42 0.23461538461538461 0.5 0.12692307692307694 1.0
61 0.3384615384615385 0.5 0.10153846153846155 1.0
58 0.4153846153846154 0.5 0.0676923076923077 1.0
49 0.5038461538461538 0.5 0.12692307692307694 1.0
48 0.6192307692307693 0.5 0.12692307692307694 1.0
40 0.7346153846153847 0.5 0.12692307692307694 1.0
60 0.8384615384615386 0.5 0.10153846153846155 1.0
56 0.9365384615384615 0.5 0.12692307692307694 1.0
