65 0.05779816513761468 0.5 0.11559633027522936 1.0
44 0.14449541284403672 0.5 0.07568807339449542 1.0
59 0.19724770642201836 0.5 0.04036697247706422 1.0
59 0.23394495412844038 0.5 0.04036697247706422 1.0
37 0.2866972477064221 0.5 0.07568807339449542 1.0
44 0.35550458715596334 0.5 0.07568807339449542 1.0
52 0.4243119266055046 0.5 0.07568807339449542 1.0
61 0.48623853211009177 0.5 0.06055045871559634 1.0
40 0.5481651376146789 0.5 0.07568807339449542 1.0
41 0.6169724770642202 0.5 0.07568807339449542 1.0
59 0.6697247706422019 0.5 0.04036697247706422 1.0
58 0.706422018348624 0.5 0.04036697247706422 1.0
52 0.7591743119266056 0.5 0.07568807339449542 1.0
46 0.8279816513761468 0.5 0.07568807339449542 1.0
44 0.8967889908256881 0.5 0.07568807339449542 1.0
43 0.9621559633027523 0.5 0.07568807339449542 1.0
