42 0.060576923076923084 0.5 0.12115384615384617 1.0
58 0.14615384615384616 0.5 0.0676923076923077 1.0
60 0.2230769230769231 0.5 0.10153846153846155 1.0
42 0.326923076923077 0.5 0.12692307692307694 1.0
53 0.44230769230769235 0.5 0.12692307692307694 1.0
59 0.5307692307692308 0.5 0.0676923076923077 1.0
40 0.6192307692307693 0.5 0.12692307692307694 1.0
61 0.7230769230769232 0.5 0.10153846153846155 1.0
44 0.826923076923077 0.5 0.12692307692307694 1.0
43 0.9365384615384615 0.5 0.12692307692307694 1.0
