50 0.05545774647887324 0.5 0.11091549295774648 1.0
44 0.15845070422535212 0.5 0.11619718309859156 1.0
60 0.2535211267605634 0.5 0.09295774647887324 1.0
64 0.38028169014084506 0.5 0.18591549295774648 1.0
58 0.49295774647887325 0.5 0.0619718309859155 1.0
52 0.573943661971831 0.5 0.11619718309859156 1.0
52 0.6795774647887324 0.5 0.11619718309859156 1.0
58 0.7605633802816901 0.5 0.0619718309859155 1.0
49 0.8415492957746479 0.5 0.11619718309859156 1.0
48 0.9419014084507042 0.5 0.11619718309859156 1.0
