53 0.05585106382978724 0.5 0.11170212765957448 1.0
48 0.1595744680851064 0.5 0.1170212765957447 1.0
63 0.2553191489361702 0.5 0.09361702127659575 1.0
59 0.326241134751773 0.5 0.0624113475177305 1.0
58 0.3829787234042553 0.5 0.0624113475177305 1.0
48 0.4645390070921986 0.5 0.1170212765957447 1.0
42 0.5709219858156028 0.5 0.1170212765957447 1.0
46 0.6773049645390071 0.5 0.1170212765957447 1.0
58 0.7588652482269505 0.5 0.0624113475177305 1.0
48 0.8404255319148937 0.5 0.1170212765957447 1.0
45 0.9414893617021276 0.5 0.1170212765957447 1.0
