15 0.0764240506329114 0.5 0.1528481012658228 1.0
46 0.1930379746835443 0.5 0.10443037974683546 1.0
60 0.27848101265822783 0.5 0.08354430379746837 1.0
58 0.3417721518987342 0.5 0.055696202531645575 1.0
52 0.41455696202531644 0.5 0.10443037974683546 1.0
61 0.5 0.5 0.08354430379746837 1.0
58 0.5632911392405063 0.5 0.055696202531645575 1.0
40 0.6360759493670887 0.5 0.10443037974683546 1.0
48 0.7310126582278481 0.5 0.10443037974683546 1.0
58 0.8037974683544304 0.5 0.055696202531645575 1.0
61 0.8670886075949367 0.5 0.08354430379746837 1.0
56 0.9477848101265822 0.5 0.10443037974683546 1.0
