23 0.075 0.5 0.15 1.0
40 0.18944099378881987 0.5 0.10248447204968944 1.0
61 0.2732919254658385 0.5 0.08198757763975156 1.0
58 0.3354037267080745 0.5 0.0546583850931677 1.0
49 0.40683229813664595 0.5 0.10248447204968944 1.0
48 0.49999999999999994 0.5 0.10248447204968944 1.0
40 0.593167701863354 0.5 0.10248447204968944 1.0
59 0.6645962732919255 0.5 0.0546583850931677 1.0
58 0.7142857142857143 0.5 0.0546583850931677 1.0
52 0.7857142857142857 0.5 0.10248447204968944 1.0
61 0.8695652173913043 0.5 0.08198757763975156 1.0
52 0.9487577639751553 0.5 0.10248447204968944 1.0
