40 0.046052631578947366 0.5 0.09210526315789473 1.0
50 0.13157894736842105 0.5 0.09649122807017545 1.0
50 0.21929824561403508 0.5 0.09649122807017545 1.0
44 0.3070175438596491 0.5 0.09649122807017545 1.0
40 0.39473684210526316 0.5 0.09649122807017545 1.0
52 0.48245614035087714 0.5 0.09649122807017545 1.0
44 0.5701754385964912 0.5 0.09649122807017545 1.0
64 0.6842105263157894 0.5 0.1543859649122807 1.0
44 0.7982456140350876 0.5 0.09649122807017545 1.0
48 0.8859649122807017 0.5 0.09649122807017545 1.0
61 0.9614035087719298 0.5 0.07719298245614035 1.0
