44 0.06104651162790698 0.5 0.12209302325581396 1.0
52 0.1744186046511628 0.5 0.12790697674418605 1.0
50 0.29069767441860467 0.5 0.12790697674418605 1.0
44 0.4069767441860465 0.5 0.12790697674418605 1.0
42 0.5232558139534884 0.5 0.12790697674418605 1.0
58 0.6124031007751938 0.5 0.06821705426356589 1.0
40 0.7015503875968992 0.5 0.12790697674418605 1.0
59 0.7906976744186047 0.5 0.06821705426356589 1.0
59 0.8527131782945736 0.5 0.06821705426356589 1.0
56 0.936046511627907 0.5 0.12790697674418605 1.0
