61 0.04666666666666667 0.5 0.09333333333333334 1.0
46 0.14444444444444443 0.5 0.12222222222222223 1.0
44 0.25555555555555554 0.5 0.12222222222222223 1.0
60 0.35555555555555557 0.5 0.09777777777777778 1.0
44 0.4555555555555556 0.5 0.12222222222222223 1.0
40 0.5666666666666667 0.5 0.12222222222222223 1.0
63 0.6666666666666666 0.5 0.09777777777777778 1.0
61 0.7555555555555555 0.5 0.09777777777777778 1.0
44 0.8555555555555556 0.5 0.12222222222222223 1.0
60 0.9511111111111111 0.5 0.09777777777777778 1.0
