53 0.04188829787234043 0.5 0.08377659574468085 1.0
48 0.1196808510638298 0.5 0.08776595744680853 1.0
42 0.19946808510638298 0.5 0.08776595744680853 1.0
49 0.2792553191489362 0.5 0.08776595744680853 1.0
64 0.3829787234042553 0.5 0.14042553191489363 1.0
63 0.4787234042553191 0.5 0.07021276595744681 1.0
49 0.550531914893617 0.5 0.08776595744680853 1.0
60 0.6223404255319149 0.5 0.07021276595744681 1.0
61 0.6861702127659575 0.5 0.07021276595744681 1.0
40 0.7579787234042553 0.5 0.08776595744680853 1.0
41 0.8377659574468085 0.5 0.08776595744680853 1.0
59 0.898936170212766 0.5 0.04680851063829788 1.0
56 0.9561170212765957 0.5 0.08776595744680853 1.0
