49 0.057904411764705885 0.5 0.11580882352941177 1.0
42 0.16544117647058823 0.5 0.12132352941176472 1.0
42 0.2757352941176471 0.5 0.12132352941176472 1.0
40 0.38602941176470584 0.5 0.12132352941176472 1.0
52 0.4963235294117647 0.5 0.12132352941176472 1.0
58 0.5808823529411765 0.5 0.06470588235294118 1.0
49 0.6654411764705882 0.5 0.12132352941176472 1.0
48 0.7757352941176471 0.5 0.12132352941176472 1.0
40 0.8860294117647058 0.5 0.12132352941176472 1.0
59 0.9676470588235294 0.5 0.06470588235294118 1.0
