52 0.046052631578947366 0.5 0.09210526315789473 1.0
53 0.13157894736842105 0.5 0.09649122807017545 1.0
41 0.21929824561403508 0.5 0.09649122807017545 1.0
61 0.2982456140350877 0.5 0.07719298245614035 1.0
44 0.3771929824561403 0.5 0.09649122807017545 1.0
60 0.45614035087719296 0.5 0.07719298245614035 1.0
60 0.5263157894736842 0.5 0.07719298245614035 1.0
40 0.6052631578947368 0.5 0.09649122807017545 1.0
48 0.6929824561403509 0.5 0.09649122807017545 1.0
44 0.7807017543859649 0.5 0.09649122807017545 1.0
40 0.8684210526315789 0.5 0.09649122807017545 1.0
48 0.9517543859649122 0.5 0.09649122807017545 1.0
