60 0.0375 0.5 0.075 1.0
44 0.11607142857142858 0.5 0.09821428571428573 1.0
54 0.20535714285714285 0.5 0.09821428571428573 1.0
44 0.29464285714285715 0.5 0.09821428571428573 1.0
60 0.375 0.5 0.07857142857142857 1.0
41 0.45535714285714285 0.5 0.09821428571428573 1.0
44 0.5446428571428571 0.5 0.09821428571428573 1.0
60 0.625 0.5 0.07857142857142857 1.0
40 0.7053571428571428 0.5 0.09821428571428573 1.0
61 0.7857142857142857 0.5 0.07857142857142857 1.0
44 0.8660714285714285 0.5 0.09821428571428573 1.0
43 0.9508928571428571 0.5 0.09821428571428573 1.0
