46 0.060576923076923084 0.5 0.12115384615384617 1.0
49 0.17307692307692307 0.5 0.12692307692307694 1.0
60 0.27692307692307694 0.5 0.10153846153846155 1.0
58 0.35384615384615387 0.5 0.0676923076923077 1.0
57 0.44230769230769235 0.5 0.12692307692307694 1.0
49 0.5576923076923077 0.5 0.12692307692307694 1.0
48 0.6730769230769231 0.5 0.12692307692307694 1.0
61 0.776923076923077 0.5 0.10153846153846155 1.0
40 0.8807692307692309 0.5 0.12692307692307694 1.0
59 0.9661538461538461 0.5 0.0676923076923077 1.0
