51 0.046875 0.5 0.09375 1.0
53 0.13392857142857142 0.5 0.09821428571428573 1.0
40 0.22321428571428573 0.5 0.09821428571428573 1.0
60 0.30357142857142855 0.5 0.07857142857142857 1.0
61 0.375 0.5 0.07857142857142857 1.0
44 0.45535714285714285 0.5 0.09821428571428573 1.0
60 0.5357142857142857 0.5 0.07857142857142857 1.0
37 0.6160714285714285 0.5 0.09821428571428573 1.0
46 0.7053571428571428 0.5 0.09821428571428573 1.0
49 0.7946428571428571 0.5 0.09821428571428573 1.0
53 0.8839285714285714 0.5 0.09821428571428573 1.0
60 0.9607142857142857 0.5 0.07857142857142857 1.0
