61 0.03620689655172414 0.5 0.07241379310344828 1.0
46 0.11206896551724138 0.5 0.09482758620689656 1.0
60 0.1896551724137931 0.5 0.07586206896551724 1.0
44 0.26724137931034486 0.5 0.09482758620689656 1.0
44 0.35344827586206895 0.5 0.09482758620689656 1.0
37 0.43965517241379315 0.5 0.09482758620689656 1.0
40 0.5258620689655172 0.5 0.09482758620689656 1.0
48 0.6120689655172414 0.5 0.09482758620689656 1.0
43 0.6982758620689655 0.5 0.09482758620689656 1.0
37 0.7844827586206897 0.5 0.09482758620689656 1.0
40 0.8706896551724139 0.5 0.09482758620689656 1.0
37 0.9525862068965517 0.5 0.09482758620689656 1.0
