65 0.06666666666666667 0.5 0.13333333333333333 1.0
40 0.16666666666666666 0.5 0.08730158730158731 1.0
60 0.23809523809523808 0.5 0.06984126984126984 1.0
64 0.3333333333333333 0.5 0.13968253968253969 1.0
37 0.4365079365079365 0.5 0.08730158730158731 1.0
46 0.5158730158730158 0.5 0.08730158730158731 1.0
44 0.5952380952380952 0.5 0.08730158730158731 1.0
40 0.6746031746031745 0.5 0.08730158730158731 1.0
60 0.7460317460317459 0.5 0.06984126984126984 1.0
61 0.8095238095238094 0.5 0.06984126984126984 1.0
44 0.8809523809523808 0.5 0.08730158730158731 1.0
43 0.9563492063492064 0.5 0.08730158730158731 1.0
