41 0.04256756756756757 0.5 0.08513513513513514 1.0
40 0.12162162162162163 0.5 0.08918918918918921 1.0
59 0.1837837837837838 0.5 0.047567567567567574 1.0
40 0.24594594594594596 0.5 0.08918918918918921 1.0
48 0.327027027027027 0.5 0.08918918918918921 1.0
42 0.40810810810810816 0.5 0.08918918918918921 1.0
44 0.4891891891891892 0.5 0.08918918918918921 1.0
37 0.5702702702702703 0.5 0.08918918918918921 1.0
52 0.6513513513513514 0.5 0.08918918918918921 1.0
46 0.7324324324324325 0.5 0.08918918918918921 1.0
44 0.8135135135135136 0.5 0.08918918918918921 1.0
44 0.8945945945945947 0.5 0.08918918918918921 1.0
61 0.9643243243243244 0.5 0.07135135135135136 1.0
