65 0.0782608695652174 0.5 0.1565217391304348 1.0
46 0.1956521739130435 0.5 0.10248447204968944 1.0
58 0.2670807453416149 0.5 0.0546583850931677 1.0
61 0.32919254658385094 0.5 0.08198757763975156 1.0
44 0.41304347826086957 0.5 0.10248447204968944 1.0
37 0.5062111801242236 0.5 0.10248447204968944 1.0
63 0.5900621118012422 0.5 0.08198757763975156 1.0
40 0.6739130434782609 0.5 0.10248447204968944 1.0
42 0.767080745341615 0.5 0.10248447204968944 1.0
44 0.860248447204969 0.5 0.10248447204968944 1.0
43 0.9487577639751553 0.5 0.10248447204968944 1.0
