28 0.075 0.5 0.15 1.0
53 0.18944099378881987 0.5 0.10248447204968944 1.0
60 0.2732919254658385 0.5 0.08198757763975156 1.0
50 0.3571428571428571 0.5 0.10248447204968944 1.0
60 0.4409937888198758 0.5 0.08198757763975156 1.0
58 0.5031055900621119 0.5 0.0546583850931677 1.0
52 0.5745341614906833 0.5 0.10248447204968944 1.0
58 0.6459627329192547 0.5 0.0546583850931677 1.0
48 0.717391304347826 0.5 0.10248447204968944 1.0
45 0.8105590062111802 0.5 0.10248447204968944 1.0
59 0.8819875776397516 0.5 0.0546583850931677 1.0
56 0.9487577639751553 0.5 0.10248447204968944 1.0
