28 0.06129441624365483 0.5 0.12258883248730966 1.0
53 0.15482233502538073 0.5 0.08375634517766499 1.0
41 0.23096446700507617 0.5 0.08375634517766499 1.0
37 0.3071065989847716 0.5 0.08375634517766499 1.0
35 0.38324873096446704 0.5 0.08375634517766499 1.0
48 0.4593908629441625 0.5 0.08375634517766499 1.0
52 0.5355329949238579 0.5 0.08375634517766499 1.0
50 0.6116751269035534 0.5 0.08375634517766499 1.0
44 0.6878172588832487 0.5 0.08375634517766499 1.0
42 0.7639593908629443 0.5 0.08375634517766499 1.0
61 0.8324873096446701 0.5 0.06700507614213198 1.0
49 0.9010152284263959 0.5 0.08375634517766499 1.0
60 0.966497461928934 0.5 0.06700507614213198 1.0
