52 0.038985148514851485 0.5 0.07797029702970297 1.0
44 0.11138613861386137 0.5 0.08168316831683169 1.0
60 0.1782178217821782 0.5 0.06534653465346535 1.0
58 0.2277227722772277 0.5 0.04356435643564357 1.0
49 0.28465346534653463 0.5 0.08168316831683169 1.0
53 0.3589108910891089 0.5 0.08168316831683169 1.0
52 0.4331683168316831 0.5 0.08168316831683169 1.0
37 0.5074257425742574 0.5 0.08168316831683169 1.0
64 0.6039603960396038 0.5 0.1306930693069307 1.0
58 0.6831683168316831 0.5 0.04356435643564357 1.0
48 0.7400990099009901 0.5 0.08168316831683169 1.0
43 0.8143564356435644 0.5 0.08168316831683169 1.0
44 0.8886138613861386 0.5 0.08168316831683169 1.0
43 0.9591584158415841 0.5 0.08168316831683169 1.0
