42 0.05545774647887324 0.5 0.11091549295774648 1.0
49 0.15845070422535212 0.5 0.11619718309859156 1.0
64 0.29577464788732394 0.5 0.18591549295774648 1.0
50 0.43309859154929575 0.5 0.11619718309859156 1.0
59 0.5140845070422535 0.5 0.0619718309859155 1.0
40 0.5950704225352113 0.5 0.11619718309859156 1.0
58 0.676056338028169 0.5 0.0619718309859155 1.0
48 0.7570422535211268 0.5 0.11619718309859156 1.0
61 0.852112676056338 0.5 0.09295774647887324 1.0
52 0.9419014084507042 0.5 0.11619718309859156 1.0
