42 0.06454918032786885 0.5 0.1290983606557377 1.0
46 0.1844262295081967 0.5 0.13524590163934427 1.0
58 0.2786885245901639 0.5 0.07213114754098361 1.0
59 0.3442622950819672 0.5 0.07213114754098361 1.0
59 0.40983606557377045 0.5 0.07213114754098361 1.0
58 0.47540983606557374 0.5 0.07213114754098361 1.0
48 0.569672131147541 0.5 0.13524590163934427 1.0
44 0.6926229508196722 0.5 0.13524590163934427 1.0
52 0.8155737704918032 0.5 0.13524590163934427 1.0
52 0.9323770491803278 0.5 0.13524590163934427 1.0
