53 0.05285234899328859 0.5 0.10570469798657718 1.0
48 0.15100671140939598 0.5 0.11073825503355705 1.0
52 0.25167785234899326 0.5 0.11073825503355705 1.0
65 0.3825503355704698 0.5 0.17718120805369128 1.0
44 0.5134228187919463 0.5 0.11073825503355705 1.0
60 0.6040268456375839 0.5 0.08859060402684564 1.0
54 0.6946308724832214 0.5 0.11073825503355705 1.0
58 0.7718120805369126 0.5 0.059060402684563765 1.0
48 0.848993288590604 0.5 0.11073825503355705 1.0
45 0.9446308724832215 0.5 0.11073825503355705 1.0
