42 0.04424157303370787 0.5 0.08848314606741574 1.0
49 0.12640449438202248 0.5 0.09269662921348315 1.0
48 0.21067415730337077 0.5 0.09269662921348315 1.0
52 0.2949438202247191 0.5 0.09269662921348315 1.0
40 0.3792134831460674 0.5 0.09269662921348315 1.0
48 0.4634831460674157 0.5 0.09269662921348315 1.0
45 0.5477528089887641 0.5 0.09269662921348315 1.0
53 0.6320224719101124 0.5 0.09269662921348315 1.0
58 0.696629213483146 0.5 0.04943820224719101 1.0
48 0.7612359550561798 0.5 0.09269662921348315 1.0
58 0.8258426966292134 0.5 0.04943820224719101 1.0
61 0.8820224719101123 0.5 0.07415730337078652 1.0
56 0.9536516853932584 0.5 0.09269662921348315 1.0
