42 0.0430327868852459 0.5 0.0860655737704918 1.0
49 0.12295081967213115 0.5 0.09016393442622951 1.0
48 0.20491803278688522 0.5 0.09016393442622951 1.0
61 0.2786885245901639 0.5 0.07213114754098361 1.0
44 0.3524590163934426 0.5 0.09016393442622951 1.0
64 0.45901639344262296 0.5 0.14426229508196722 1.0
50 0.5655737704918034 0.5 0.09016393442622951 1.0
61 0.639344262295082 0.5 0.07213114754098361 1.0
53 0.7131147540983607 0.5 0.09016393442622951 1.0
49 0.7950819672131147 0.5 0.09016393442622951 1.0
53 0.8770491803278688 0.5 0.09016393442622951 1.0
52 0.9549180327868853 0.5 0.09016393442622951 1.0
