52 0.053571428571428575 0.5 0.10714285714285715 1.0
51 0.15306122448979592 0.5 0.11224489795918369 1.0
53 0.25510204081632654 0.5 0.11224489795918369 1.0
40 0.35714285714285715 0.5 0.11224489795918369 1.0
48 0.45918367346938777 0.5 0.11224489795918369 1.0
43 0.5612244897959184 0.5 0.11224489795918369 1.0
44 0.6632653061224489 0.5 0.11224489795918369 1.0
60 0.7551020408163266 0.5 0.08979591836734693 1.0
44 0.846938775510204 0.5 0.11224489795918369 1.0
43 0.9438775510204082 0.5 0.11224489795918369 1.0
