40 0.0521523178807947 0.5 0.1043046357615894 1.0
64 0.17880794701986755 0.5 0.17483443708609273 1.0
64 0.33774834437086093 0.5 0.17483443708609273 1.0
53 0.46688741721854304 0.5 0.10927152317880795 1.0
48 0.5662251655629139 0.5 0.10927152317880795 1.0
58 0.642384105960265 0.5 0.05827814569536424 1.0
61 0.7086092715231788 0.5 0.08741721854304636 1.0
58 0.7748344370860928 0.5 0.05827814569536424 1.0
49 0.8509933774834437 0.5 0.10927152317880795 1.0
48 0.945364238410596 0.5 0.10927152317880795 1.0
