64 0.07974683544303798 0.5 0.15949367088607597 1.0
53 0.19936708860759494 0.5 0.10443037974683546 1.0
48 0.29430379746835444 0.5 0.10443037974683546 1.0
58 0.3670886075949368 0.5 0.055696202531645575 1.0
42 0.439873417721519 0.5 0.10443037974683546 1.0
58 0.5126582278481013 0.5 0.055696202531645575 1.0
50 0.5854430379746836 0.5 0.10443037974683546 1.0
40 0.6803797468354431 0.5 0.10443037974683546 1.0
59 0.7531645569620253 0.5 0.055696202531645575 1.0
58 0.8037974683544304 0.5 0.055696202531645575 1.0
61 0.8670886075949367 0.5 0.08354430379746837 1.0
56 0.9477848101265822 0.5 0.10443037974683546 1.0
