42 0.04984177215189874 0.5 0.09968354430379749 1.0
59 0.12025316455696203 0.5 0.055696202531645575 1.0
40 0.1930379746835443 0.5 0.10443037974683546 1.0
60 0.27848101265822783 0.5 0.08354430379746837 1.0
58 0.3417721518987342 0.5 0.055696202531645575 1.0
63 0.4050632911392405 0.5 0.08354430379746837 1.0
58 0.4683544303797469 0.5 0.055696202531645575 1.0
42 0.5411392405063291 0.5 0.10443037974683546 1.0
40 0.6360759493670887 0.5 0.10443037974683546 1.0
61 0.7215189873417721 0.5 0.08354430379746837 1.0
58 0.7848101265822786 0.5 0.055696202531645575 1.0
49 0.8575949367088608 0.5 0.10443037974683546 1.0
48 0.9477848101265822 0.5 0.10443037974683546 1.0
