53 0.05180921052631579 0.5 0.10361842105263158 1.0
48 0.14802631578947367 0.5 0.10855263157894737 1.0
52 0.2467105263157895 0.5 0.10855263157894737 1.0
40 0.34539473684210525 0.5 0.10855263157894737 1.0
61 0.4342105263157895 0.5 0.0868421052631579 1.0
58 0.5 0.5 0.05789473684210526 1.0
52 0.575657894736842 0.5 0.10855263157894737 1.0
63 0.6644736842105263 0.5 0.0868421052631579 1.0
40 0.7532894736842105 0.5 0.10855263157894737 1.0
42 0.8519736842105262 0.5 0.10855263157894737 1.0
37 0.9457236842105263 0.5 0.10855263157894737 1.0
