53 0.0375 0.5 0.075 1.0
48 0.10714285714285714 0.5 0.07857142857142857 1.0
42 0.17857142857142855 0.5 0.07857142857142857 1.0
49 0.25 0.5 0.07857142857142857 1.0
48 0.3214285714285714 0.5 0.07857142857142857 1.0
52 0.3928571428571428 0.5 0.07857142857142857 1.0
61 0.45714285714285713 0.5 0.06285714285714286 1.0
58 0.5047619047619047 0.5 0.04190476190476191 1.0
61 0.5523809523809524 0.5 0.06285714285714286 1.0
53 0.6166666666666666 0.5 0.07857142857142857 1.0
61 0.680952380952381 0.5 0.06285714285714286 1.0
58 0.7285714285714285 0.5 0.04190476190476191 1.0
49 0.7833333333333333 0.5 0.07857142857142857 1.0
48 0.8547619047619047 0.5 0.07857142857142857 1.0
40 0.9261904761904761 0.5 0.07857142857142857 1.0
59 0.979047619047619 0.5 0.04190476190476191 1.0
