13 0.07144970414201184 0.5 0.14289940828402367 1.0
50 0.1804733727810651 0.5 0.09763313609467456 1.0
50 0.2692307692307692 0.5 0.09763313609467456 1.0
49 0.35798816568047337 0.5 0.09763313609467456 1.0
58 0.4260355029585799 0.5 0.05207100591715977 1.0
48 0.49408284023668636 0.5 0.09763313609467456 1.0
61 0.57396449704142 0.5 0.07810650887573965 1.0
64 0.6804733727810651 0.5 0.1562130177514793 1.0
44 0.7958579881656804 0.5 0.09763313609467456 1.0
48 0.8846153846153846 0.5 0.09763313609467456 1.0
61 0.9609467455621302 0.5 0.07810650887573965 1.0
