40 0.05147058823529412 0.5 0.10294117647058824 1.0
48 0.14705882352941177 0.5 0.10784313725490197 1.0
61 0.23529411764705882 0.5 0.08627450980392158 1.0
58 0.30065359477124187 0.5 0.05751633986928105 1.0
37 0.3758169934640523 0.5 0.10784313725490197 1.0
28 0.5 0.5 0.165359477124183 1.0
49 0.6241830065359477 0.5 0.10784313725490197 1.0
54 0.7222222222222222 0.5 0.10784313725490197 1.0
58 0.7973856209150327 0.5 0.05751633986928105 1.0
44 0.8725490196078431 0.5 0.10784313725490197 1.0
61 0.9568627450980393 0.5 0.08627450980392158 1.0
