63 0.04565217391304348 0.5 0.09130434782608696 1.0
49 0.14130434782608695 0.5 0.11956521739130435 1.0
49 0.24999999999999997 0.5 0.11956521739130435 1.0
43 0.3586956521739131 0.5 0.11956521739130435 1.0
52 0.4673913043478261 0.5 0.11956521739130435 1.0
61 0.5652173913043478 0.5 0.09565217391304348 1.0
53 0.6630434782608696 0.5 0.11956521739130435 1.0
63 0.7608695652173912 0.5 0.09565217391304348 1.0
63 0.8478260869565217 0.5 0.09565217391304348 1.0
52 0.9402173913043478 0.5 0.11956521739130435 1.0
