60 0.04565217391304348 0.5 0.09130434782608696 1.0
44 0.14130434782608695 0.5 0.11956521739130435 1.0
40 0.24999999999999997 0.5 0.11956521739130435 1.0
59 0.33333333333333337 0.5 0.063768115942029 1.0
58 0.391304347826087 0.5 0.063768115942029 1.0
57 0.4746376811594203 0.5 0.11956521739130435 1.0
40 0.5833333333333334 0.5 0.11956521739130435 1.0
61 0.681159420289855 0.5 0.09565217391304348 1.0
58 0.7536231884057971 0.5 0.063768115942029 1.0
49 0.8369565217391305 0.5 0.11956521739130435 1.0
48 0.9402173913043478 0.5 0.11956521739130435 1.0
