42 0.050806451612903224 0.5 0.10161290322580645 1.0
49 0.14516129032258063 0.5 0.10645161290322581 1.0
48 0.24193548387096775 0.5 0.10645161290322581 1.0
61 0.3290322580645161 0.5 0.08516129032258066 1.0
58 0.3935483870967742 0.5 0.0567741935483871 1.0
48 0.467741935483871 0.5 0.10645161290322581 1.0
45 0.564516129032258 0.5 0.10645161290322581 1.0
44 0.6612903225806451 0.5 0.10645161290322581 1.0
48 0.7580645161290323 0.5 0.10645161290322581 1.0
42 0.8548387096774193 0.5 0.10645161290322581 1.0
56 0.9467741935483871 0.5 0.10645161290322581 1.0
