44 0.058768656716417914 0.5 0.11753731343283583 1.0
48 0.16791044776119404 0.5 0.12313432835820896 1.0
61 0.26865671641791045 0.5 0.09850746268656717 1.0
60 0.35820895522388063 0.5 0.09850746268656717 1.0
53 0.458955223880597 0.5 0.12313432835820896 1.0
52 0.5708955223880597 0.5 0.12313432835820896 1.0
61 0.6716417910447762 0.5 0.09850746268656717 1.0
58 0.7462686567164178 0.5 0.06567164179104477 1.0
48 0.832089552238806 0.5 0.12313432835820896 1.0
45 0.9384328358208955 0.5 0.12313432835820896 1.0
