28 0.07996688741721855 0.5 0.1599337748344371 1.0
61 0.19205298013245034 0.5 0.08741721854304636 1.0
40 0.2814569536423841 0.5 0.10927152317880795 1.0
60 0.3708609271523179 0.5 0.08741721854304636 1.0
63 0.45033112582781454 0.5 0.08741721854304636 1.0
58 0.5165562913907285 0.5 0.05827814569536424 1.0
45 0.5927152317880795 0.5 0.10927152317880795 1.0
46 0.6920529801324503 0.5 0.10927152317880795 1.0
61 0.7814569536423841 0.5 0.08741721854304636 1.0
44 0.8708609271523179 0.5 0.10927152317880795 1.0
60 0.9562913907284768 0.5 0.08741721854304636 1.0
