41 0.06350806451612903 0.5 0.12701612903225806 1.0
58 0.1532258064516129 0.5 0.07096774193548387 1.0
60 0.2338709677419355 0.5 0.10645161290322581 1.0
61 0.33064516129032256 0.5 0.10645161290322581 1.0
46 0.43951612903225806 0.5 0.13306451612903228 1.0
60 0.5483870967741935 0.5 0.10645161290322581 1.0
58 0.6290322580645161 0.5 0.07096774193548387 1.0
45 0.721774193548387 0.5 0.13306451612903228 1.0
46 0.842741935483871 0.5 0.13306451612903228 1.0
61 0.9467741935483871 0.5 0.10645161290322581 1.0
