64 0.08873239436619719 0.5 0.17746478873239438 1.0
49 0.22183098591549294 0.5 0.11619718309859156 1.0
53 0.3274647887323943 0.5 0.11619718309859156 1.0
59 0.4084507042253521 0.5 0.0619718309859155 1.0
43 0.4894366197183098 0.5 0.11619718309859156 1.0
44 0.5950704225352113 0.5 0.11619718309859156 1.0
60 0.6901408450704225 0.5 0.09295774647887324 1.0
58 0.7605633802816901 0.5 0.0619718309859155 1.0
48 0.8415492957746479 0.5 0.11619718309859156 1.0
45 0.9419014084507042 0.5 0.11619718309859156 1.0
