49 0.04552023121387283 0.5 0.09104046242774566 1.0
54 0.13005780346820808 0.5 0.09537572254335261 1.0
44 0.21676300578034682 0.5 0.09537572254335261 1.0
60 0.29479768786127164 0.5 0.07630057803468208 1.0
44 0.37283236994219654 0.5 0.09537572254335261 1.0
52 0.4595375722543353 0.5 0.09537572254335261 1.0
61 0.5375722543352601 0.5 0.07630057803468208 1.0
58 0.5953757225433526 0.5 0.05086705202312139 1.0
64 0.6878612716763005 0.5 0.15260115606936417 1.0
40 0.8005780346820809 0.5 0.09537572254335261 1.0
61 0.8786127167630057 0.5 0.07630057803468208 1.0
44 0.9523121387283237 0.5 0.09537572254335261 1.0
