50 0.04188829787234043 0.5 0.08377659574468085 1.0
60 0.11170212765957446 0.5 0.07021276595744681 1.0
44 0.18351063829787234 0.5 0.08776595744680853 1.0
43 0.2632978723404255 0.5 0.08776595744680853 1.0
44 0.34308510638297873 0.5 0.08776595744680853 1.0
61 0.4148936170212766 0.5 0.07021276595744681 1.0
44 0.48670212765957444 0.5 0.08776595744680853 1.0
60 0.5585106382978724 0.5 0.07021276595744681 1.0
64 0.6542553191489362 0.5 0.14042553191489363 1.0
58 0.7393617021276596 0.5 0.04680851063829788 1.0
48 0.800531914893617 0.5 0.08776595744680853 1.0
44 0.8803191489361702 0.5 0.08776595744680853 1.0
43 0.9561170212765957 0.5 0.08776595744680853 1.0
