63 0.044366197183098595 0.5 0.08873239436619719 1.0
60 0.1267605633802817 0.5 0.09295774647887324 1.0
58 0.19718309859154928 0.5 0.0619718309859155 1.0
45 0.27816901408450706 0.5 0.11619718309859156 1.0
46 0.38380281690140844 0.5 0.11619718309859156 1.0
61 0.4788732394366197 0.5 0.09295774647887324 1.0
44 0.573943661971831 0.5 0.11619718309859156 1.0
48 0.6795774647887324 0.5 0.11619718309859156 1.0
58 0.7605633802816901 0.5 0.0619718309859155 1.0
48 0.8415492957746479 0.5 0.11619718309859156 1.0
45 0.9419014084507042 0.5 0.11619718309859156 1.0
