52 0.04891304347826087 0.5 0.09782608695652174 1.0
40 0.13975155279503104 0.5 0.10248447204968944 1.0
61 0.22360248447204967 0.5 0.08198757763975156 1.0
58 0.2857142857142857 0.5 0.0546583850931677 1.0
52 0.3571428571428571 0.5 0.10248447204968944 1.0
63 0.4409937888198758 0.5 0.08198757763975156 1.0
40 0.5248447204968945 0.5 0.10248447204968944 1.0
42 0.6180124223602484 0.5 0.10248447204968944 1.0
61 0.7018633540372671 0.5 0.08198757763975156 1.0
49 0.7857142857142857 0.5 0.10248447204968944 1.0
60 0.8695652173913043 0.5 0.08198757763975156 1.0
56 0.9487577639751553 0.5 0.10248447204968944 1.0
