60 0.041176470588235294 0.5 0.08235294117647059 1.0
44 0.12745098039215685 0.5 0.10784313725490197 1.0
52 0.22549019607843135 0.5 0.10784313725490197 1.0
61 0.3137254901960784 0.5 0.08627450980392158 1.0
40 0.40196078431372545 0.5 0.10784313725490197 1.0
53 0.5 0.5 0.10784313725490197 1.0
60 0.5882352941176471 0.5 0.08627450980392158 1.0
40 0.6764705882352942 0.5 0.10784313725490197 1.0
48 0.7745098039215687 0.5 0.10784313725490197 1.0
61 0.8627450980392156 0.5 0.08627450980392158 1.0
52 0.946078431372549 0.5 0.10784313725490197 1.0
