16 0.07740384615384616 0.5 0.1548076923076923 1.0
44 0.1955128205128205 0.5 0.10576923076923078 1.0
59 0.2692307692307693 0.5 0.05641025641025641 1.0
58 0.32051282051282054 0.5 0.05641025641025641 1.0
54 0.3942307692307692 0.5 0.10576923076923078 1.0
44 0.49038461538461536 0.5 0.10576923076923078 1.0
60 0.5769230769230769 0.5 0.08461538461538462 1.0
40 0.6634615384615385 0.5 0.10576923076923078 1.0
48 0.7596153846153847 0.5 0.10576923076923078 1.0
42 0.8557692307692308 0.5 0.10576923076923078 1.0
44 0.9471153846153846 0.5 0.10576923076923078 1.0
