58 0.028767123287671233 0.5 0.057534246575342465 1.0
48 0.10616438356164383 0.5 0.113013698630137 1.0
52 0.2089041095890411 0.5 0.113013698630137 1.0
61 0.3013698630136986 0.5 0.09041095890410959 1.0
40 0.39383561643835613 0.5 0.113013698630137 1.0
59 0.4726027397260274 0.5 0.06027397260273973 1.0
59 0.5273972602739726 0.5 0.06027397260273973 1.0
40 0.6061643835616438 0.5 0.113013698630137 1.0
61 0.6986301369863013 0.5 0.09041095890410959 1.0
58 0.7671232876712328 0.5 0.06027397260273973 1.0
49 0.845890410958904 0.5 0.113013698630137 1.0
48 0.9434931506849316 0.5 0.113013698630137 1.0
