61 0.04228187919463087 0.5 0.08456375838926174 1.0
60 0.12080536912751677 0.5 0.08859060402684564 1.0
40 0.21140939597315433 0.5 0.11073825503355705 1.0
48 0.3120805369127516 0.5 0.11073825503355705 1.0
52 0.41275167785234895 0.5 0.11073825503355705 1.0
40 0.5134228187919463 0.5 0.11073825503355705 1.0
42 0.6140939597315436 0.5 0.11073825503355705 1.0
61 0.7046979865771812 0.5 0.08859060402684564 1.0
58 0.7718120805369126 0.5 0.059060402684563765 1.0
49 0.848993288590604 0.5 0.11073825503355705 1.0
48 0.9446308724832215 0.5 0.11073825503355705 1.0
