41 0.033227848101265826 0.5 0.06645569620253165 1.0
60 0.08860759493670886 0.5 0.055696202531645575 1.0
58 0.13080168776371306 0.5 0.03713080168776371 1.0
59 0.16455696202531644 0.5 0.03713080168776371 1.0
59 0.19831223628691982 0.5 0.03713080168776371 1.0
58 0.23206751054852318 0.5 0.03713080168776371 1.0
40 0.2805907172995781 0.5 0.06962025316455697 1.0
48 0.3438818565400844 0.5 0.06962025316455697 1.0
61 0.40084388185654013 0.5 0.055696202531645575 1.0
59 0.44303797468354433 0.5 0.03713080168776371 1.0
56 0.49156118143459915 0.5 0.06962025316455697 1.0
37 0.5548523206751055 0.5 0.06962025316455697 1.0
65 0.6371308016877638 0.5 0.11139240506329115 1.0
60 0.7130801687763714 0.5 0.055696202531645575 1.0
58 0.7552742616033755 0.5 0.03713080168776371 1.0
61 0.7974683544303798 0.5 0.055696202531645575 1.0
61 0.8481012658227848 0.5 0.055696202531645575 1.0
44 0.9050632911392404 0.5 0.06962025316455697 1.0
48 0.9651898734177216 0.5 0.06962025316455697 1.0
