61 0.051219512195121955 0.5 0.10243902439024391 1.0
49 0.15853658536585366 0.5 0.13414634146341464 1.0
50 0.2804878048780488 0.5 0.13414634146341464 1.0
58 0.37398373983739835 0.5 0.07154471544715449 1.0
42 0.46747967479674796 0.5 0.13414634146341464 1.0
40 0.589430894308943 0.5 0.13414634146341464 1.0
59 0.6829268292682926 0.5 0.07154471544715449 1.0
58 0.7479674796747967 0.5 0.07154471544715449 1.0
61 0.8292682926829269 0.5 0.10731707317073172 1.0
56 0.9329268292682926 0.5 0.13414634146341464 1.0
