61 0.041721854304635764 0.5 0.08344370860927153 1.0
44 0.1291390728476821 0.5 0.10927152317880795 1.0
64 0.2582781456953642 0.5 0.17483443708609273 1.0
50 0.38741721854304634 0.5 0.10927152317880795 1.0
49 0.4867549668874172 0.5 0.10927152317880795 1.0
60 0.5761589403973509 0.5 0.08741721854304636 1.0
40 0.6655629139072848 0.5 0.10927152317880795 1.0
60 0.7549668874172185 0.5 0.08741721854304636 1.0
58 0.8211920529801324 0.5 0.05827814569536424 1.0
59 0.8741721854304636 0.5 0.05827814569536424 1.0
56 0.945364238410596 0.5 0.10927152317880795 1.0
