60 0.03165829145728643 0.5 0.06331658291457286 1.0
44 0.09798994974874371 0.5 0.0829145728643216 1.0
52 0.17336683417085424 0.5 0.0829145728643216 1.0
50 0.2487437185929648 0.5 0.0829145728643216 1.0
49 0.32412060301507534 0.5 0.0829145728643216 1.0
48 0.3994974874371859 0.5 0.0829145728643216 1.0
52 0.47487437185929643 0.5 0.0829145728643216 1.0
58 0.5326633165829145 0.5 0.044221105527638194 1.0
41 0.5904522613065326 0.5 0.0829145728643216 1.0
58 0.6482412060301507 0.5 0.044221105527638194 1.0
59 0.6884422110552763 0.5 0.044221105527638194 1.0
58 0.728643216080402 0.5 0.044221105527638194 1.0
61 0.778894472361809 0.5 0.06633165829145729 1.0
58 0.829145728643216 0.5 0.044221105527638194 1.0
44 0.8869346733668341 0.5 0.0829145728643216 1.0
52 0.9585427135678392 0.5 0.0829145728643216 1.0
