53 0.04326923076923077 0.5 0.08653846153846154 1.0
48 0.12362637362637363 0.5 0.09065934065934067 1.0
43 0.20604395604395603 0.5 0.09065934065934067 1.0
44 0.2884615384615385 0.5 0.09065934065934067 1.0
60 0.3626373626373626 0.5 0.07252747252747253 1.0
52 0.4368131868131868 0.5 0.09065934065934067 1.0
61 0.510989010989011 0.5 0.07252747252747253 1.0
40 0.5851648351648351 0.5 0.09065934065934067 1.0
48 0.6675824175824175 0.5 0.09065934065934067 1.0
43 0.75 0.5 0.09065934065934067 1.0
58 0.8131868131868132 0.5 0.04835164835164836 1.0
48 0.8763736263736264 0.5 0.09065934065934067 1.0
45 0.9546703296703296 0.5 0.09065934065934067 1.0
