44 0.05147058823529412 0.5 0.10294117647058824 1.0
51 0.14705882352941177 0.5 0.10784313725490197 1.0
53 0.24509803921568626 0.5 0.10784313725490197 1.0
58 0.32026143790849676 0.5 0.05751633986928105 1.0
59 0.37254901960784315 0.5 0.05751633986928105 1.0
58 0.4248366013071896 0.5 0.05751633986928105 1.0
41 0.5 0.5 0.10784313725490197 1.0
60 0.5882352941176471 0.5 0.08627450980392158 1.0
40 0.6764705882352942 0.5 0.10784313725490197 1.0
61 0.7647058823529411 0.5 0.08627450980392158 1.0
44 0.8529411764705883 0.5 0.10784313725490197 1.0
43 0.946078431372549 0.5 0.10784313725490197 1.0
