52 0.05285234899328859 0.5 0.10570469798657718 1.0
53 0.15100671140939598 0.5 0.11073825503355705 1.0
50 0.25167785234899326 0.5 0.11073825503355705 1.0
50 0.3523489932885906 0.5 0.11073825503355705 1.0
59 0.42953020134228187 0.5 0.059060402684563765 1.0
44 0.5067114093959731 0.5 0.11073825503355705 1.0
64 0.6375838926174496 0.5 0.17718120805369128 1.0
44 0.7684563758389261 0.5 0.11073825503355705 1.0
48 0.8691275167785234 0.5 0.11073825503355705 1.0
61 0.9557046979865772 0.5 0.08859060402684564 1.0
