43 0.05431034482758621 0.5 0.10862068965517242 1.0
58 0.13103448275862067 0.5 0.0606896551724138 1.0
52 0.21034482758620687 0.5 0.11379310344827587 1.0
45 0.3137931034482758 0.5 0.11379310344827587 1.0
60 0.40689655172413797 0.5 0.0910344827586207 1.0
40 0.5 0.5 0.11379310344827587 1.0
42 0.603448275862069 0.5 0.11379310344827587 1.0
44 0.7068965517241379 0.5 0.11379310344827587 1.0
63 0.7999999999999999 0.5 0.0910344827586207 1.0
53 0.8931034482758621 0.5 0.11379310344827587 1.0
59 0.9696551724137931 0.5 0.0606896551724138 1.0
