58 0.027450980392156866 0.5 0.05490196078431373 1.0
48 0.10130718954248366 0.5 0.10784313725490197 1.0
43 0.19934640522875816 0.5 0.10784313725490197 1.0
58 0.27450980392156865 0.5 0.05751633986928105 1.0
52 0.34967320261437906 0.5 0.10784313725490197 1.0
42 0.4477124183006536 0.5 0.10784313725490197 1.0
60 0.5359477124183006 0.5 0.08627450980392158 1.0
44 0.6241830065359477 0.5 0.10784313725490197 1.0
61 0.7124183006535948 0.5 0.08627450980392158 1.0
58 0.7777777777777778 0.5 0.05751633986928105 1.0
49 0.8529411764705883 0.5 0.10784313725490197 1.0
48 0.946078431372549 0.5 0.10784313725490197 1.0
