40 0.04984177215189874 0.5 0.09968354430379749 1.0
48 0.14240506329113925 0.5 0.10443037974683546 1.0
61 0.2278481012658228 0.5 0.08354430379746837 1.0
58 0.29113924050632917 0.5 0.055696202531645575 1.0
37 0.36392405063291144 0.5 0.10443037974683546 1.0
14 0.48417721518987344 0.5 0.16012658227848103 1.0
60 0.5949367088607594 0.5 0.08354430379746837 1.0
58 0.6582278481012659 0.5 0.055696202531645575 1.0
61 0.7215189873417721 0.5 0.08354430379746837 1.0
58 0.7848101265822786 0.5 0.055696202531645575 1.0
52 0.8575949367088608 0.5 0.10443037974683546 1.0
46 0.9477848101265822 0.5 0.10443037974683546 1.0
