60 0.044366197183098595 0.5 0.08873239436619719 1.0
44 0.13732394366197181 0.5 0.11619718309859156 1.0
59 0.21830985915492956 0.5 0.0619718309859155 1.0
53 0.2992957746478873 0.5 0.11619718309859156 1.0
42 0.4049295774647887 0.5 0.11619718309859156 1.0
61 0.5 0.5 0.09295774647887324 1.0
40 0.5950704225352113 0.5 0.11619718309859156 1.0
48 0.7007042253521127 0.5 0.11619718309859156 1.0
61 0.795774647887324 0.5 0.09295774647887324 1.0
59 0.8661971830985915 0.5 0.0619718309859155 1.0
56 0.9419014084507042 0.5 0.11619718309859156 1.0
