13 0.04868951612903226 0.5 0.09737903225806452 1.0
15 0.13911290322580644 0.5 0.10201612903225807 1.0
15 0.23185483870967744 0.5 0.10201612903225807 1.0
24 0.3245967741935484 0.5 0.10201612903225807 1.0
38 0.42338709677419356 0.5 0.11532258064516131 1.0
25 0.5221774193548387 0.5 0.10201612903225807 1.0
13 0.6149193548387097 0.5 0.10201612903225807 1.0
23 0.7076612903225806 0.5 0.10201612903225807 1.0
35 0.7842741935483871 0.5 0.06653225806451614 1.0
17 0.8608870967741936 0.5 0.10201612903225807 1.0
16 0.948991935483871 0.5 0.10201612903225807 1.0
