13 0.045055970149253735 0.5 0.09011194029850747 1.0
15 0.1287313432835821 0.5 0.09440298507462687 1.0
26 0.21455223880597013 0.5 0.09440298507462687 1.0
30 0.3003731343283582 0.5 0.09440298507462687 1.0
13 0.38619402985074625 0.5 0.09440298507462687 1.0
35 0.45708955223880593 0.5 0.06156716417910448 1.0
23 0.5279850746268657 0.5 0.09440298507462687 1.0
29 0.6138059701492538 0.5 0.09440298507462687 1.0
13 0.6996268656716418 0.5 0.09440298507462687 1.0
23 0.7854477611940298 0.5 0.09440298507462687 1.0
15 0.8712686567164178 0.5 0.09440298507462687 1.0
17 0.9527985074626866 0.5 0.09440298507462687 1.0
