27 0.03583086053412463 0.5 0.07166172106824927 1.0
17 0.10237388724035608 0.5 0.07507418397626113 1.0
25 0.17062314540059348 0.5 0.07507418397626113 1.0
27 0.23887240356083084 0.5 0.07507418397626113 1.0
17 0.30712166172106825 0.5 0.07507418397626113 1.0
28 0.37537091988130566 0.5 0.07507418397626113 1.0
17 0.443620178041543 0.5 0.07507418397626113 1.0
23 0.5118694362017804 0.5 0.07507418397626113 1.0
29 0.5801186943620178 0.5 0.07507418397626113 1.0
13 0.6483679525222552 0.5 0.07507418397626113 1.0
29 0.7166172106824926 0.5 0.07507418397626113 1.0
35 0.7729970326409495 0.5 0.04896142433234422 1.0
31 0.8293768545994065 0.5 0.07507418397626113 1.0
17 0.8976261127596439 0.5 0.07507418397626113 1.0
28 0.9624629080118694 0.5 0.07507418397626113 1.0
