58 0.02359550561797753 0.5 0.04719101123595506 1.0
64 0.11235955056179775 0.5 0.14831460674157304 1.0
50 0.22191011235955055 0.5 0.09269662921348315 1.0
60 0.297752808988764 0.5 0.07415730337078652 1.0
58 0.3539325842696629 0.5 0.04943820224719101 1.0
52 0.4185393258426966 0.5 0.09269662921348315 1.0
49 0.502808988764045 0.5 0.09269662921348315 1.0
48 0.5870786516853933 0.5 0.09269662921348315 1.0
64 0.696629213483146 0.5 0.14831460674157304 1.0
44 0.8061797752808989 0.5 0.09269662921348315 1.0
48 0.8904494382022472 0.5 0.09269662921348315 1.0
61 0.9629213483146067 0.5 0.07415730337078652 1.0
