45 0.046052631578947366 0.5 0.09210526315789473 1.0
60 0.12280701754385964 0.5 0.07719298245614035 1.0
40 0.20175438596491227 0.5 0.09649122807017545 1.0
48 0.2894736842105263 0.5 0.09649122807017545 1.0
43 0.3771929824561403 0.5 0.09649122807017545 1.0
50 0.4649122807017544 0.5 0.09649122807017545 1.0
40 0.5526315789473685 0.5 0.09649122807017545 1.0
60 0.631578947368421 0.5 0.07719298245614035 1.0
44 0.7105263157894737 0.5 0.09649122807017545 1.0
48 0.7982456140350876 0.5 0.09649122807017545 1.0
61 0.8771929824561403 0.5 0.07719298245614035 1.0
52 0.9517543859649122 0.5 0.09649122807017545 1.0
