43 0.06402439024390244 0.5 0.12804878048780488 1.0
44 0.18292682926829268 0.5 0.13414634146341464 1.0
59 0.2764227642276423 0.5 0.07154471544715449 1.0
58 0.34146341463414637 0.5 0.07154471544715449 1.0
45 0.43495934959349597 0.5 0.13414634146341464 1.0
46 0.556910569105691 0.5 0.13414634146341464 1.0
61 0.6666666666666667 0.5 0.10731707317073172 1.0
63 0.7642276422764228 0.5 0.10731707317073172 1.0
53 0.8739837398373984 0.5 0.13414634146341464 1.0
59 0.9642276422764228 0.5 0.07154471544715449 1.0
