61 0.025714285714285714 0.5 0.05142857142857143 1.0
60 0.07346938775510203 0.5 0.053877551020408164 1.0
40 0.12857142857142856 0.5 0.0673469387755102 1.0
54 0.18979591836734694 0.5 0.0673469387755102 1.0
44 0.25102040816326526 0.5 0.0673469387755102 1.0
59 0.2979591836734694 0.5 0.03591836734693878 1.0
59 0.33061224489795915 0.5 0.03591836734693878 1.0
58 0.363265306122449 0.5 0.03591836734693878 1.0
48 0.41020408163265304 0.5 0.0673469387755102 1.0
45 0.4714285714285714 0.5 0.0673469387755102 1.0
37 0.5326530612244899 0.5 0.0673469387755102 1.0
42 0.5938775510204082 0.5 0.0673469387755102 1.0
40 0.6551020408163265 0.5 0.0673469387755102 1.0
60 0.710204081632653 0.5 0.053877551020408164 1.0
60 0.7591836734693878 0.5 0.053877551020408164 1.0
58 0.7999999999999999 0.5 0.03591836734693878 1.0
40 0.8469387755102041 0.5 0.0673469387755102 1.0
45 0.9081632653061225 0.5 0.0673469387755102 1.0
44 0.9663265306122449 0.5 0.0673469387755102 1.0
