41 0.04831288343558282 0.5 0.09662576687116564 1.0
59 0.1165644171779141 0.5 0.0539877300613497 1.0
49 0.1871165644171779 0.5 0.10122699386503067 1.0
49 0.2791411042944785 0.5 0.10122699386503067 1.0
43 0.37116564417177916 0.5 0.10122699386503067 1.0
52 0.46319018404907975 0.5 0.10122699386503067 1.0
61 0.5460122699386503 0.5 0.08098159509202456 1.0
40 0.6288343558282208 0.5 0.10122699386503067 1.0
58 0.6993865030674846 0.5 0.0539877300613497 1.0
48 0.7699386503067485 0.5 0.10122699386503067 1.0
44 0.861963190184049 0.5 0.10122699386503067 1.0
43 0.9493865030674846 0.5 0.10122699386503067 1.0
