61 0.049606299212598425 0.5 0.09921259842519685 1.0
60 0.14173228346456693 0.5 0.10393700787401576 1.0
40 0.24803149606299213 0.5 0.1299212598425197 1.0
54 0.3661417322834646 0.5 0.1299212598425197 1.0
44 0.48425196850393704 0.5 0.1299212598425197 1.0
59 0.5748031496062993 0.5 0.06929133858267716 1.0
59 0.6377952755905512 0.5 0.06929133858267716 1.0
44 0.7283464566929134 0.5 0.1299212598425197 1.0
60 0.8346456692913385 0.5 0.10393700787401576 1.0
52 0.9350393700787402 0.5 0.1299212598425197 1.0
