60 0.0375 0.5 0.075 1.0
49 0.11607142857142858 0.5 0.09821428571428573 1.0
53 0.20535714285714285 0.5 0.09821428571428573 1.0
45 0.29464285714285715 0.5 0.09821428571428573 1.0
46 0.38392857142857145 0.5 0.09821428571428573 1.0
59 0.45238095238095244 0.5 0.05238095238095238 1.0
56 0.5208333333333333 0.5 0.09821428571428573 1.0
37 0.6101190476190476 0.5 0.09821428571428573 1.0
41 0.6994047619047619 0.5 0.09821428571428573 1.0
53 0.7886904761904762 0.5 0.09821428571428573 1.0
58 0.8571428571428572 0.5 0.05238095238095238 1.0
59 0.9047619047619048 0.5 0.05238095238095238 1.0
61 0.9607142857142857 0.5 0.07857142857142857 1.0
