53 0.04743975903614458 0.5 0.09487951807228916 1.0
48 0.1355421686746988 0.5 0.09939759036144578 1.0
42 0.22590361445783133 0.5 0.09939759036144578 1.0
46 0.31626506024096385 0.5 0.09939759036144578 1.0
40 0.4066265060240964 0.5 0.09939759036144578 1.0
59 0.47590361445783136 0.5 0.05301204819277109 1.0
59 0.5240963855421686 0.5 0.05301204819277109 1.0
44 0.5933734939759037 0.5 0.09939759036144578 1.0
48 0.6837349397590361 0.5 0.09939759036144578 1.0
45 0.7740963855421686 0.5 0.09939759036144578 1.0
44 0.8644578313253012 0.5 0.09939759036144578 1.0
43 0.9503012048192772 0.5 0.09939759036144578 1.0
