13 0.06129441624365483 0.5 0.12258883248730966 1.0
43 0.15482233502538073 0.5 0.08375634517766499 1.0
64 0.2538071065989848 0.5 0.13401015228426397 1.0
58 0.3350253807106599 0.5 0.04467005076142132 1.0
48 0.3934010152284264 0.5 0.08375634517766499 1.0
58 0.4517766497461929 0.5 0.04467005076142132 1.0
52 0.5101522842639594 0.5 0.08375634517766499 1.0
61 0.5786802030456852 0.5 0.06700507614213198 1.0
60 0.6395939086294417 0.5 0.06700507614213198 1.0
40 0.7081218274111676 0.5 0.08375634517766499 1.0
61 0.7766497461928934 0.5 0.06700507614213198 1.0
58 0.8274111675126904 0.5 0.04467005076142132 1.0
49 0.8857868020304569 0.5 0.08375634517766499 1.0
48 0.9581218274111675 0.5 0.08375634517766499 1.0
