43 0.04188829787234043 0.5 0.08377659574468085 1.0
44 0.1196808510638298 0.5 0.08776595744680853 1.0
64 0.22340425531914893 0.5 0.14042553191489363 1.0
49 0.3271276595744681 0.5 0.08776595744680853 1.0
48 0.40691489361702127 0.5 0.08776595744680853 1.0
52 0.48670212765957444 0.5 0.08776595744680853 1.0
61 0.5585106382978724 0.5 0.07021276595744681 1.0
60 0.6223404255319149 0.5 0.07021276595744681 1.0
40 0.6941489361702128 0.5 0.08776595744680853 1.0
61 0.7659574468085106 0.5 0.07021276595744681 1.0
58 0.8191489361702128 0.5 0.04680851063829788 1.0
49 0.8803191489361702 0.5 0.08776595744680853 1.0
48 0.9561170212765957 0.5 0.08776595744680853 1.0
