50 0.05015923566878981 0.5 0.10031847133757962 1.0
49 0.14331210191082805 0.5 0.1050955414012739 1.0
52 0.23885350318471338 0.5 0.1050955414012739 1.0
52 0.33439490445859876 0.5 0.1050955414012739 1.0
58 0.40764331210191085 0.5 0.05605095541401275 1.0
41 0.48089171974522293 0.5 0.1050955414012739 1.0
58 0.554140127388535 0.5 0.05605095541401275 1.0
59 0.605095541401274 0.5 0.05605095541401275 1.0
58 0.6560509554140128 0.5 0.05605095541401275 1.0
61 0.7197452229299364 0.5 0.08407643312101912 1.0
58 0.7834394904458599 0.5 0.05605095541401275 1.0
44 0.856687898089172 0.5 0.1050955414012739 1.0
52 0.947452229299363 0.5 0.1050955414012739 1.0
