64 0.07777777777777778 0.5 0.15555555555555556 1.0
40 0.19444444444444442 0.5 0.10185185185185186 1.0
62 0.2777777777777778 0.5 0.08148148148148149 1.0
49 0.36111111111111105 0.5 0.10185185185185186 1.0
60 0.4444444444444444 0.5 0.08148148148148149 1.0
37 0.5277777777777778 0.5 0.10185185185185186 1.0
43 0.6203703703703703 0.5 0.10185185185185186 1.0
49 0.7129629629629629 0.5 0.10185185185185186 1.0
64 0.8333333333333333 0.5 0.16296296296296298 1.0
49 0.9490740740740741 0.5 0.10185185185185186 1.0
