22 0.0769108280254777 0.5 0.1538216560509554 1.0
49 0.1942675159235669 0.5 0.1050955414012739 1.0
59 0.267515923566879 0.5 0.05605095541401275 1.0
59 0.3184713375796178 0.5 0.05605095541401275 1.0
49 0.39171974522292996 0.5 0.1050955414012739 1.0
41 0.4872611464968153 0.5 0.1050955414012739 1.0
60 0.5732484076433121 0.5 0.08407643312101912 1.0
58 0.6369426751592356 0.5 0.05605095541401275 1.0
45 0.7101910828025478 0.5 0.1050955414012739 1.0
58 0.7834394904458599 0.5 0.05605095541401275 1.0
43 0.856687898089172 0.5 0.1050955414012739 1.0
40 0.947452229299363 0.5 0.1050955414012739 1.0
