64 0.09264705882352942 0.5 0.18529411764705883 1.0
58 0.2058823529411765 0.5 0.06470588235294118 1.0
59 0.2647058823529412 0.5 0.06470588235294118 1.0
59 0.3235294117647059 0.5 0.06470588235294118 1.0
58 0.3823529411764706 0.5 0.06470588235294118 1.0
49 0.46691176470588236 0.5 0.12132352941176472 1.0
48 0.5772058823529412 0.5 0.12132352941176472 1.0
40 0.6875 0.5 0.12132352941176472 1.0
58 0.7720588235294118 0.5 0.06470588235294118 1.0
60 0.8455882352941176 0.5 0.09705882352941178 1.0
44 0.9393382352941176 0.5 0.12132352941176472 1.0
