27 0.0723053892215569 0.5 0.1446107784431138 1.0
49 0.18263473053892215 0.5 0.09880239520958084 1.0
59 0.251497005988024 0.5 0.05269461077844312 1.0
59 0.29940119760479045 0.5 0.05269461077844312 1.0
52 0.36826347305389223 0.5 0.09880239520958084 1.0
37 0.4580838323353294 0.5 0.09880239520958084 1.0
27 0.5718562874251497 0.5 0.15149700598802396 1.0
49 0.6856287425149701 0.5 0.09880239520958084 1.0
56 0.7754491017964071 0.5 0.09880239520958084 1.0
42 0.8652694610778443 0.5 0.09880239520958084 1.0
44 0.9505988023952096 0.5 0.09880239520958084 1.0
