42 0.060576923076923084 0.5 0.12115384615384617 1.0
53 0.17307692307692307 0.5 0.12692307692307694 1.0
59 0.26153846153846155 0.5 0.0676923076923077 1.0
61 0.3384615384615385 0.5 0.10153846153846155 1.0
58 0.4153846153846154 0.5 0.0676923076923077 1.0
54 0.5038461538461538 0.5 0.12692307692307694 1.0
40 0.6192307692307693 0.5 0.12692307692307694 1.0
61 0.7230769230769232 0.5 0.10153846153846155 1.0
44 0.826923076923077 0.5 0.12692307692307694 1.0
43 0.9365384615384615 0.5 0.12692307692307694 1.0
