53 0.04525862068965518 0.5 0.09051724137931036 1.0
48 0.12931034482758622 0.5 0.09482758620689656 1.0
44 0.21551724137931036 0.5 0.09482758620689656 1.0
51 0.3017241379310345 0.5 0.09482758620689656 1.0
53 0.3879310344827587 0.5 0.09482758620689656 1.0
58 0.4540229885057472 0.5 0.05057471264367817 1.0
54 0.5201149425287357 0.5 0.09482758620689656 1.0
49 0.6063218390804599 0.5 0.09482758620689656 1.0
42 0.692528735632184 0.5 0.09482758620689656 1.0
40 0.7787356321839081 0.5 0.09482758620689656 1.0
59 0.8448275862068966 0.5 0.05057471264367817 1.0
59 0.8908045977011494 0.5 0.05057471264367817 1.0
56 0.9525862068965517 0.5 0.09482758620689656 1.0
