58 0.027814569536423844 0.5 0.05562913907284769 1.0
64 0.13245033112582782 0.5 0.17483443708609273 1.0
50 0.26158940397350994 0.5 0.10927152317880795 1.0
59 0.33774834437086093 0.5 0.05827814569536424 1.0
44 0.41390728476821187 0.5 0.10927152317880795 1.0
64 0.543046357615894 0.5 0.17483443708609273 1.0
44 0.6721854304635762 0.5 0.10927152317880795 1.0
48 0.7715231788079471 0.5 0.10927152317880795 1.0
61 0.8609271523178808 0.5 0.08741721854304636 1.0
52 0.945364238410596 0.5 0.10927152317880795 1.0
