41 0.05545774647887324 0.5 0.11091549295774648 1.0
44 0.15845070422535212 0.5 0.11619718309859156 1.0
65 0.29577464788732394 0.5 0.18591549295774648 1.0
58 0.4084507042253521 0.5 0.0619718309859155 1.0
59 0.4647887323943662 0.5 0.0619718309859155 1.0
43 0.545774647887324 0.5 0.11619718309859156 1.0
44 0.6514084507042254 0.5 0.11619718309859156 1.0
60 0.7464788732394365 0.5 0.09295774647887324 1.0
44 0.8415492957746479 0.5 0.11619718309859156 1.0
43 0.9419014084507042 0.5 0.11619718309859156 1.0
