65 0.07411764705882354 0.5 0.14823529411764708 1.0
46 0.18529411764705883 0.5 0.09705882352941178 1.0
44 0.2735294117647059 0.5 0.09705882352941178 1.0
44 0.36176470588235293 0.5 0.09705882352941178 1.0
59 0.4294117647058824 0.5 0.05176470588235294 1.0
41 0.4970588235294118 0.5 0.09705882352941178 1.0
40 0.5852941176470589 0.5 0.09705882352941178 1.0
60 0.6647058823529411 0.5 0.07764705882352942 1.0
60 0.7352941176470589 0.5 0.07764705882352942 1.0
49 0.8147058823529412 0.5 0.09705882352941178 1.0
65 0.9223529411764706 0.5 0.15529411764705883 1.0
