65 0.08181818181818182 0.5 0.16363636363636364 1.0
49 0.20454545454545453 0.5 0.10714285714285715 1.0
48 0.30194805194805197 0.5 0.10714285714285715 1.0
43 0.39935064935064934 0.5 0.10714285714285715 1.0
44 0.4967532467532467 0.5 0.10714285714285715 1.0
60 0.5844155844155844 0.5 0.08571428571428572 1.0
63 0.6623376623376623 0.5 0.08571428571428572 1.0
53 0.75 0.5 0.10714285714285715 1.0
59 0.8246753246753247 0.5 0.05714285714285715 1.0
59 0.8766233766233766 0.5 0.05714285714285715 1.0
56 0.9464285714285714 0.5 0.10714285714285715 1.0
