43 0.04632352941176471 0.5 0.09264705882352942 1.0
58 0.11176470588235295 0.5 0.05176470588235294 1.0
40 0.17941176470588238 0.5 0.09705882352941178 1.0
64 0.29411764705882354 0.5 0.15529411764705883 1.0
44 0.40882352941176475 0.5 0.09705882352941178 1.0
61 0.48823529411764705 0.5 0.07764705882352942 1.0
60 0.5588235294117647 0.5 0.07764705882352942 1.0
58 0.6176470588235294 0.5 0.05176470588235294 1.0
42 0.6852941176470588 0.5 0.09705882352941178 1.0
40 0.7735294117647059 0.5 0.09705882352941178 1.0
59 0.8411764705882353 0.5 0.05176470588235294 1.0
59 0.8882352941176471 0.5 0.05176470588235294 1.0
56 0.9514705882352941 0.5 0.09705882352941178 1.0
