61 0.04468085106382979 0.5 0.08936170212765958 1.0
44 0.13829787234042554 0.5 0.1170212765957447 1.0
42 0.24468085106382978 0.5 0.1170212765957447 1.0
46 0.35106382978723405 0.5 0.1170212765957447 1.0
48 0.45744680851063835 0.5 0.1170212765957447 1.0
58 0.5390070921985816 0.5 0.0624113475177305 1.0
42 0.6205673758865249 0.5 0.1170212765957447 1.0
40 0.7269503546099291 0.5 0.1170212765957447 1.0
59 0.8085106382978724 0.5 0.0624113475177305 1.0
59 0.8652482269503546 0.5 0.0624113475177305 1.0
56 0.9414893617021276 0.5 0.1170212765957447 1.0
