46 0.05506993006993007 0.5 0.11013986013986014 1.0
58 0.13286713286713286 0.5 0.06153846153846154 1.0
45 0.21328671328671328 0.5 0.11538461538461539 1.0
46 0.3181818181818182 0.5 0.11538461538461539 1.0
37 0.4230769230769231 0.5 0.11538461538461539 1.0
52 0.5279720279720279 0.5 0.11538461538461539 1.0
50 0.6328671328671329 0.5 0.11538461538461539 1.0
44 0.7377622377622377 0.5 0.11538461538461539 1.0
44 0.8426573426573427 0.5 0.11538461538461539 1.0
43 0.9423076923076923 0.5 0.11538461538461539 1.0
