42 0.03227459016393443 0.5 0.06454918032786885 1.0
49 0.09221311475409835 0.5 0.06762295081967214 1.0
53 0.15368852459016394 0.5 0.06762295081967214 1.0
48 0.2151639344262295 0.5 0.06762295081967214 1.0
61 0.2704918032786885 0.5 0.054098360655737705 1.0
44 0.32581967213114754 0.5 0.06762295081967214 1.0
60 0.3811475409836066 0.5 0.054098360655737705 1.0
37 0.4364754098360656 0.5 0.06762295081967214 1.0
60 0.4918032786885246 0.5 0.054098360655737705 1.0
44 0.5471311475409836 0.5 0.06762295081967214 1.0
54 0.6086065573770492 0.5 0.06762295081967214 1.0
49 0.6700819672131147 0.5 0.06762295081967214 1.0
59 0.7172131147540983 0.5 0.036065573770491806 1.0
53 0.7643442622950819 0.5 0.06762295081967214 1.0
61 0.819672131147541 0.5 0.054098360655737705 1.0
58 0.860655737704918 0.5 0.036065573770491806 1.0
49 0.9077868852459016 0.5 0.06762295081967214 1.0
48 0.9661885245901639 0.5 0.06762295081967214 1.0
