15 0.07187500000000001 0.5 0.14375000000000002 1.0
49 0.18154761904761907 0.5 0.09821428571428573 1.0
48 0.27083333333333337 0.5 0.09821428571428573 1.0
52 0.3601190476190476 0.5 0.09821428571428573 1.0
53 0.4494047619047619 0.5 0.09821428571428573 1.0
59 0.5178571428571429 0.5 0.05238095238095238 1.0
61 0.5773809523809524 0.5 0.07857142857142857 1.0
40 0.6577380952380952 0.5 0.09821428571428573 1.0
61 0.7380952380952381 0.5 0.07857142857142857 1.0
58 0.7976190476190477 0.5 0.05238095238095238 1.0
54 0.8660714285714285 0.5 0.09821428571428573 1.0
44 0.9508928571428571 0.5 0.09821428571428573 1.0
