22 0.037971698113207546 0.5 0.07594339622641509 1.0
58 0.08490566037735849 0.5 0.02767295597484277 1.0
44 0.12106918238993711 0.5 0.0518867924528302 1.0
53 0.16823899371069181 0.5 0.0518867924528302 1.0
61 0.21069182389937108 0.5 0.041509433962264156 1.0
44 0.2531446540880503 0.5 0.0518867924528302 1.0
48 0.300314465408805 0.5 0.0518867924528302 1.0
40 0.3474842767295598 0.5 0.0518867924528302 1.0
48 0.3946540880503145 0.5 0.0518867924528302 1.0
61 0.4371069182389937 0.5 0.041509433962264156 1.0
37 0.47955974842767296 0.5 0.0518867924528302 1.0
15 0.539308176100629 0.5 0.07955974842767297 1.0
49 0.5990566037735849 0.5 0.0518867924528302 1.0
64 0.660377358490566 0.5 0.08301886792452831 1.0
64 0.7358490566037736 0.5 0.08301886792452831 1.0
40 0.7971698113207548 0.5 0.0518867924528302 1.0
48 0.8443396226415095 0.5 0.0518867924528302 1.0
43 0.8915094339622642 0.5 0.0518867924528302 1.0
44 0.9386792452830189 0.5 0.0518867924528302 1.0
60 0.9792452830188679 0.5 0.041509433962264156 1.0
