52 0.05468750000000001 0.5 0.10937500000000001 1.0
50 0.15625 0.5 0.11458333333333334 1.0
44 0.2604166666666667 0.5 0.11458333333333334 1.0
42 0.3645833333333333 0.5 0.11458333333333334 1.0
58 0.4444444444444445 0.5 0.061111111111111116 1.0
40 0.5243055555555556 0.5 0.11458333333333334 1.0
59 0.6041666666666667 0.5 0.061111111111111116 1.0
58 0.6597222222222222 0.5 0.061111111111111116 1.0
52 0.7395833333333334 0.5 0.11458333333333334 1.0
44 0.8437500000000001 0.5 0.11458333333333334 1.0
43 0.9427083333333334 0.5 0.11458333333333334 1.0
