35 0.060576923076923084 0.5 0.12115384615384617 1.0
52 0.17307692307692307 0.5 0.12692307692307694 1.0
60 0.27692307692307694 0.5 0.10153846153846155 1.0
40 0.3807692307692308 0.5 0.12692307692307694 1.0
44 0.49615384615384617 0.5 0.12692307692307694 1.0
59 0.5846153846153846 0.5 0.0676923076923077 1.0
58 0.6461538461538462 0.5 0.0676923076923077 1.0
61 0.7230769230769232 0.5 0.10153846153846155 1.0
44 0.826923076923077 0.5 0.12692307692307694 1.0
52 0.9365384615384615 0.5 0.12692307692307694 1.0
