29 0.074079754601227 0.5 0.148159509202454 1.0
44 0.1871165644171779 0.5 0.10122699386503067 1.0
48 0.2791411042944785 0.5 0.10122699386503067 1.0
43 0.37116564417177916 0.5 0.10122699386503067 1.0
44 0.46319018404907975 0.5 0.10122699386503067 1.0
48 0.5552147239263803 0.5 0.10122699386503067 1.0
61 0.6380368098159509 0.5 0.08098159509202456 1.0
58 0.6993865030674846 0.5 0.0539877300613497 1.0
49 0.7699386503067484 0.5 0.10122699386503067 1.0
53 0.861963190184049 0.5 0.10122699386503067 1.0
52 0.9493865030674846 0.5 0.10122699386503067 1.0
