52 0.06402439024390244 0.5 0.12804878048780488 1.0
42 0.18292682926829268 0.5 0.13414634146341464 1.0
58 0.2764227642276423 0.5 0.07154471544715449 1.0
44 0.3699186991869919 0.5 0.13414634146341464 1.0
48 0.491869918699187 0.5 0.13414634146341464 1.0
61 0.6016260162601627 0.5 0.10731707317073172 1.0
58 0.6829268292682926 0.5 0.07154471544715449 1.0
63 0.7642276422764228 0.5 0.10731707317073172 1.0
58 0.8455284552845528 0.5 0.07154471544715449 1.0
42 0.9329268292682926 0.5 0.13414634146341464 1.0
