53 0.05506993006993007 0.5 0.11013986013986014 1.0
48 0.15734265734265734 0.5 0.11538461538461539 1.0
41 0.26223776223776224 0.5 0.11538461538461539 1.0
40 0.36713286713286714 0.5 0.11538461538461539 1.0
59 0.44755244755244755 0.5 0.06153846153846154 1.0
40 0.5279720279720279 0.5 0.11538461538461539 1.0
48 0.6328671328671329 0.5 0.11538461538461539 1.0
42 0.7377622377622377 0.5 0.11538461538461539 1.0
44 0.8426573426573427 0.5 0.11538461538461539 1.0
43 0.9423076923076923 0.5 0.11538461538461539 1.0
