41 0.06350806451612903 0.5 0.12701612903225806 1.0
60 0.16935483870967744 0.5 0.10645161290322581 1.0
58 0.25 0.5 0.07096774193548387 1.0
59 0.314516129032258 0.5 0.07096774193548387 1.0
59 0.3790322580645161 0.5 0.07096774193548387 1.0
58 0.44354838709677413 0.5 0.07096774193548387 1.0
40 0.5362903225806452 0.5 0.13306451612903228 1.0
48 0.657258064516129 0.5 0.13306451612903228 1.0
61 0.7661290322580645 0.5 0.10645161290322581 1.0
59 0.846774193548387 0.5 0.07096774193548387 1.0
56 0.9334677419354839 0.5 0.13306451612903228 1.0
