42 0.057481751824817524 0.5 0.11496350364963505 1.0
49 0.1642335766423358 0.5 0.12043795620437958 1.0
48 0.2737226277372263 0.5 0.12043795620437958 1.0
61 0.3722627737226278 0.5 0.09635036496350366 1.0
58 0.4452554744525548 0.5 0.06423357664233577 1.0
48 0.5291970802919709 0.5 0.12043795620437958 1.0
45 0.6386861313868614 0.5 0.12043795620437958 1.0
44 0.7481751824817519 0.5 0.12043795620437958 1.0
48 0.8576642335766423 0.5 0.12043795620437958 1.0
61 0.9518248175182482 0.5 0.09635036496350366 1.0
