52 0.03822815533980582 0.5 0.07645631067961164 1.0
61 0.10194174757281553 0.5 0.06407766990291262 1.0
49 0.1674757281553398 0.5 0.08009708737864078 1.0
64 0.2621359223300971 0.5 0.12815533980582525 1.0
40 0.3567961165048543 0.5 0.08009708737864078 1.0
42 0.42961165048543687 0.5 0.08009708737864078 1.0
46 0.5024271844660194 0.5 0.08009708737864078 1.0
37 0.5752427184466019 0.5 0.08009708737864078 1.0
53 0.6480582524271844 0.5 0.08009708737864078 1.0
59 0.703883495145631 0.5 0.04271844660194175 1.0
42 0.7597087378640777 0.5 0.08009708737864078 1.0
44 0.8325242718446602 0.5 0.08009708737864078 1.0
60 0.8980582524271844 0.5 0.06407766990291262 1.0
52 0.9599514563106796 0.5 0.08009708737864078 1.0
