59 0.02763157894736842 0.5 0.05526315789473684 1.0
40 0.10197368421052631 0.5 0.10855263157894737 1.0
48 0.2006578947368421 0.5 0.10855263157894737 1.0
43 0.2993421052631579 0.5 0.10855263157894737 1.0
37 0.39802631578947373 0.5 0.10855263157894737 1.0
61 0.4868421052631579 0.5 0.0868421052631579 1.0
60 0.5657894736842105 0.5 0.0868421052631579 1.0
49 0.6546052631578947 0.5 0.10855263157894737 1.0
49 0.7532894736842105 0.5 0.10855263157894737 1.0
50 0.8519736842105262 0.5 0.10855263157894737 1.0
52 0.9457236842105263 0.5 0.10855263157894737 1.0
