52 0.04350828729281768 0.5 0.08701657458563536 1.0
44 0.12430939226519336 0.5 0.09116022099447514 1.0
44 0.20718232044198895 0.5 0.09116022099447514 1.0
43 0.2900552486187845 0.5 0.09116022099447514 1.0
56 0.3729281767955801 0.5 0.09116022099447514 1.0
37 0.4558011049723757 0.5 0.09116022099447514 1.0
59 0.5193370165745856 0.5 0.04861878453038674 1.0
49 0.5828729281767955 0.5 0.09116022099447514 1.0
49 0.6657458563535911 0.5 0.09116022099447514 1.0
47 0.7486187845303867 0.5 0.09116022099447514 1.0
58 0.8121546961325967 0.5 0.04861878453038674 1.0
48 0.8756906077348066 0.5 0.09116022099447514 1.0
45 0.9544198895027625 0.5 0.09116022099447514 1.0
