61 0.04228187919463087 0.5 0.08456375838926174 1.0
46 0.1308724832214765 0.5 0.11073825503355705 1.0
60 0.22147651006711408 0.5 0.08859060402684564 1.0
44 0.3120805369127516 0.5 0.11073825503355705 1.0
40 0.41275167785234895 0.5 0.11073825503355705 1.0
61 0.5033557046979866 0.5 0.08859060402684564 1.0
44 0.5939597315436241 0.5 0.11073825503355705 1.0
48 0.6946308724832214 0.5 0.11073825503355705 1.0
58 0.7718120805369126 0.5 0.059060402684563765 1.0
48 0.848993288590604 0.5 0.11073825503355705 1.0
45 0.9446308724832215 0.5 0.11073825503355705 1.0
