50 0.03879310344827587 0.5 0.07758620689655174 1.0
49 0.11083743842364532 0.5 0.08128078817733991 1.0
52 0.1847290640394089 0.5 0.08128078817733991 1.0
52 0.25862068965517243 0.5 0.08128078817733991 1.0
44 0.332512315270936 0.5 0.08128078817733991 1.0
52 0.40640394088669957 0.5 0.08128078817733991 1.0
52 0.4802955665024631 0.5 0.08128078817733991 1.0
58 0.5369458128078818 0.5 0.043349753694581286 1.0
54 0.5935960591133006 0.5 0.08128078817733991 1.0
44 0.6674876847290641 0.5 0.08128078817733991 1.0
48 0.7413793103448276 0.5 0.08128078817733991 1.0
44 0.8152709359605912 0.5 0.08128078817733991 1.0
52 0.8891625615763548 0.5 0.08128078817733991 1.0
52 0.9593596059113301 0.5 0.08128078817733991 1.0
