43 0.050806451612903224 0.5 0.10161290322580645 1.0
58 0.12258064516129032 0.5 0.0567741935483871 1.0
52 0.1967741935483871 0.5 0.10645161290322581 1.0
40 0.29354838709677417 0.5 0.10645161290322581 1.0
50 0.3903225806451613 0.5 0.10645161290322581 1.0
50 0.4870967741935484 0.5 0.10645161290322581 1.0
60 0.5741935483870968 0.5 0.08516129032258066 1.0
49 0.6612903225806451 0.5 0.10645161290322581 1.0
54 0.7580645161290323 0.5 0.10645161290322581 1.0
44 0.8548387096774193 0.5 0.10645161290322581 1.0
43 0.9467741935483871 0.5 0.10645161290322581 1.0
