58 0.03206106870229008 0.5 0.06412213740458016 1.0
48 0.1183206106870229 0.5 0.12595419847328246 1.0
61 0.2213740458015267 0.5 0.10076335877862597 1.0
44 0.3244274809160305 0.5 0.12595419847328246 1.0
59 0.41221374045801523 0.5 0.06717557251908397 1.0
59 0.47328244274809156 0.5 0.06717557251908397 1.0
58 0.5343511450381679 0.5 0.06717557251908397 1.0
45 0.6221374045801527 0.5 0.12595419847328246 1.0
44 0.7366412213740459 0.5 0.12595419847328246 1.0
48 0.851145038167939 0.5 0.12595419847328246 1.0
61 0.949618320610687 0.5 0.10076335877862597 1.0
