42 0.05921052631578947 0.5 0.11842105263157894 1.0
40 0.16917293233082706 0.5 0.12406015037593986 1.0
59 0.2556390977443609 0.5 0.0661654135338346 1.0
42 0.3421052631578947 0.5 0.12406015037593986 1.0
53 0.4548872180451128 0.5 0.12406015037593986 1.0
59 0.5413533834586466 0.5 0.0661654135338346 1.0
40 0.6278195488721804 0.5 0.12406015037593986 1.0
61 0.7293233082706766 0.5 0.09924812030075188 1.0
44 0.8308270676691728 0.5 0.12406015037593986 1.0
43 0.9379699248120301 0.5 0.12406015037593986 1.0
