59 0.0302158273381295 0.5 0.060431654676259 1.0
58 0.08633093525179857 0.5 0.06330935251798563 1.0
63 0.15827338129496404 0.5 0.09496402877697843 1.0
44 0.25539568345323743 0.5 0.11870503597122302 1.0
37 0.36330935251798563 0.5 0.11870503597122302 1.0
61 0.460431654676259 0.5 0.09496402877697843 1.0
44 0.5575539568345323 0.5 0.11870503597122302 1.0
64 0.697841726618705 0.5 0.18992805755395686 1.0
50 0.8381294964028777 0.5 0.11870503597122302 1.0
49 0.9406474820143885 0.5 0.11870503597122302 1.0
