27 0.06256476683937824 0.5 0.12512953367875648 1.0
44 0.15803108808290156 0.5 0.08549222797927461 1.0
37 0.23575129533678754 0.5 0.08549222797927461 1.0
13 0.3341968911917098 0.5 0.1310880829015544 1.0
60 0.4248704663212435 0.5 0.0683937823834197 1.0
64 0.5181347150259067 0.5 0.1367875647668394 1.0
40 0.6191709844559585 0.5 0.08549222797927461 1.0
64 0.7202072538860104 0.5 0.1367875647668394 1.0
44 0.8212435233160622 0.5 0.08549222797927461 1.0
48 0.8989637305699482 0.5 0.08549222797927461 1.0
61 0.9658031088082901 0.5 0.0683937823834197 1.0
