58 0.026582278481012658 0.5 0.053164556962025315 1.0
48 0.0981012658227848 0.5 0.10443037974683546 1.0
52 0.1930379746835443 0.5 0.10443037974683546 1.0
61 0.27848101265822783 0.5 0.08354430379746837 1.0
60 0.35443037974683544 0.5 0.08354430379746837 1.0
53 0.439873417721519 0.5 0.10443037974683546 1.0
64 0.5632911392405063 0.5 0.16708860759493674 1.0
44 0.6867088607594938 0.5 0.10443037974683546 1.0
48 0.7816455696202532 0.5 0.10443037974683546 1.0
61 0.8670886075949368 0.5 0.08354430379746837 1.0
52 0.9477848101265822 0.5 0.10443037974683546 1.0
