50 0.057481751824817524 0.5 0.11496350364963505 1.0
59 0.1386861313868613 0.5 0.06423357664233577 1.0
44 0.22262773722627738 0.5 0.12043795620437958 1.0
40 0.33211678832116787 0.5 0.12043795620437958 1.0
52 0.4416058394160584 0.5 0.12043795620437958 1.0
40 0.551094890510949 0.5 0.12043795620437958 1.0
48 0.6605839416058394 0.5 0.12043795620437958 1.0
61 0.7591240875912408 0.5 0.09635036496350366 1.0
44 0.8576642335766423 0.5 0.12043795620437958 1.0
60 0.9518248175182482 0.5 0.09635036496350366 1.0
