50 0.04375 0.5 0.0875 1.0
44 0.125 0.5 0.09166666666666667 1.0
60 0.19999999999999998 0.5 0.07333333333333333 1.0
63 0.26666666666666666 0.5 0.07333333333333333 1.0
49 0.3416666666666667 0.5 0.09166666666666667 1.0
60 0.41666666666666663 0.5 0.07333333333333333 1.0
64 0.5166666666666666 0.5 0.14666666666666667 1.0
40 0.6249999999999999 0.5 0.09166666666666667 1.0
48 0.7083333333333333 0.5 0.09166666666666667 1.0
42 0.7916666666666666 0.5 0.09166666666666667 1.0
44 0.8749999999999999 0.5 0.09166666666666667 1.0
52 0.9541666666666666 0.5 0.09166666666666667 1.0
