15 0.06388888888888888 0.5 0.12777777777777777 1.0
49 0.16137566137566137 0.5 0.08730158730158731 1.0
64 0.26455026455026454 0.5 0.13968253968253969 1.0
64 0.3915343915343915 0.5 0.13968253968253969 1.0
58 0.47619047619047616 0.5 0.04656084656084656 1.0
52 0.537037037037037 0.5 0.08730158730158731 1.0
52 0.6164021164021164 0.5 0.08730158730158731 1.0
58 0.6772486772486772 0.5 0.04656084656084656 1.0
49 0.738095238095238 0.5 0.08730158730158731 1.0
48 0.8174603174603173 0.5 0.08730158730158731 1.0
44 0.8968253968253967 0.5 0.08730158730158731 1.0
60 0.9650793650793651 0.5 0.06984126984126984 1.0
