13 0.09011194029850747 0.5 0.18022388059701494 1.0
48 0.22761194029850745 0.5 0.12313432835820896 1.0
40 0.33955223880597013 0.5 0.12313432835820896 1.0
59 0.4253731343283582 0.5 0.06567164179104477 1.0
56 0.5111940298507462 0.5 0.12313432835820896 1.0
61 0.6119402985074627 0.5 0.09850746268656717 1.0
58 0.6865671641791045 0.5 0.06567164179104477 1.0
42 0.7723880597014925 0.5 0.12313432835820896 1.0
40 0.8843283582089553 0.5 0.12313432835820896 1.0
59 0.9671641791044776 0.5 0.06567164179104477 1.0
