43 0.04399441340782123 0.5 0.08798882681564246 1.0
44 0.12569832402234637 0.5 0.09217877094972067 1.0
54 0.2094972067039106 0.5 0.09217877094972067 1.0
44 0.29329608938547486 0.5 0.09217877094972067 1.0
59 0.35754189944134074 0.5 0.04916201117318436 1.0
49 0.4217877094972067 0.5 0.09217877094972067 1.0
50 0.5055865921787709 0.5 0.09217877094972067 1.0
64 0.6145251396648045 0.5 0.14748603351955308 1.0
44 0.723463687150838 0.5 0.09217877094972067 1.0
48 0.8072625698324022 0.5 0.09217877094972067 1.0
61 0.88268156424581 0.5 0.07374301675977654 1.0
52 0.9539106145251397 0.5 0.09217877094972067 1.0
