18 0.07102941176470588 0.5 0.14205882352941177 1.0
53 0.17941176470588235 0.5 0.09705882352941178 1.0
60 0.2588235294117647 0.5 0.07764705882352942 1.0
61 0.32941176470588235 0.5 0.07764705882352942 1.0
46 0.4088235294117647 0.5 0.09705882352941178 1.0
44 0.4970588235294118 0.5 0.09705882352941178 1.0
60 0.5764705882352941 0.5 0.07764705882352942 1.0
64 0.6823529411764706 0.5 0.15529411764705883 1.0
49 0.7970588235294117 0.5 0.09705882352941178 1.0
60 0.8764705882352941 0.5 0.07764705882352942 1.0
44 0.9514705882352941 0.5 0.09705882352941178 1.0
