50 0.0375 0.5 0.075 1.0
46 0.10714285714285714 0.5 0.07857142857142857 1.0
40 0.17857142857142855 0.5 0.07857142857142857 1.0
60 0.24285714285714285 0.5 0.06285714285714286 1.0
64 0.32857142857142857 0.5 0.12571428571428572 1.0
40 0.4214285714285714 0.5 0.07857142857142857 1.0
42 0.4928571428571428 0.5 0.07857142857142857 1.0
49 0.5642857142857143 0.5 0.07857142857142857 1.0
59 0.6190476190476191 0.5 0.04190476190476191 1.0
49 0.6738095238095237 0.5 0.07857142857142857 1.0
45 0.7452380952380951 0.5 0.07857142857142857 1.0
58 0.8 0.5 0.04190476190476191 1.0
42 0.8547619047619047 0.5 0.07857142857142857 1.0
40 0.9261904761904761 0.5 0.07857142857142857 1.0
59 0.979047619047619 0.5 0.04190476190476191 1.0
