53 0.053209459459459464 0.5 0.10641891891891893 1.0
48 0.15202702702702703 0.5 0.1114864864864865 1.0
61 0.24324324324324326 0.5 0.08918918918918921 1.0
46 0.33445945945945943 0.5 0.1114864864864865 1.0
58 0.41216216216216217 0.5 0.05945945945945947 1.0
48 0.48986486486486486 0.5 0.1114864864864865 1.0
47 0.5912162162162162 0.5 0.1114864864864865 1.0
40 0.6925675675675675 0.5 0.1114864864864865 1.0
41 0.793918918918919 0.5 0.1114864864864865 1.0
59 0.8716216216216217 0.5 0.05945945945945947 1.0
44 0.9442567567567568 0.5 0.1114864864864865 1.0
