58 0.02857142857142857 0.5 0.05714285714285714 1.0
48 0.1054421768707483 0.5 0.11224489795918369 1.0
61 0.19727891156462585 0.5 0.08979591836734693 1.0
58 0.26530612244897955 0.5 0.0598639455782313 1.0
64 0.37414965986394555 0.5 0.17959183673469387 1.0
58 0.4829931972789115 0.5 0.0598639455782313 1.0
43 0.5612244897959184 0.5 0.11224489795918369 1.0
40 0.6632653061224489 0.5 0.11224489795918369 1.0
61 0.7551020408163266 0.5 0.08979591836734693 1.0
44 0.846938775510204 0.5 0.11224489795918369 1.0
43 0.9438775510204082 0.5 0.11224489795918369 1.0
