45 0.045000000000000005 0.5 0.09000000000000001 1.0
60 0.12 0.5 0.07542857142857144 1.0
40 0.19714285714285718 0.5 0.09428571428571429 1.0
48 0.28285714285714286 0.5 0.09428571428571429 1.0
43 0.3685714285714286 0.5 0.09428571428571429 1.0
42 0.4542857142857143 0.5 0.09428571428571429 1.0
46 0.54 0.5 0.09428571428571429 1.0
58 0.6057142857142858 0.5 0.05028571428571429 1.0
59 0.6514285714285715 0.5 0.05028571428571429 1.0
43 0.7171428571428571 0.5 0.09428571428571429 1.0
60 0.7942857142857143 0.5 0.07542857142857144 1.0
44 0.8714285714285714 0.5 0.09428571428571429 1.0
48 0.9528571428571428 0.5 0.09428571428571429 1.0
