60 0.0328125 0.5 0.065625 1.0
58 0.08333333333333333 0.5 0.04583333333333334 1.0
42 0.14322916666666666 0.5 0.0859375 1.0
46 0.22135416666666666 0.5 0.0859375 1.0
59 0.28125 0.5 0.04583333333333334 1.0
56 0.3411458333333333 0.5 0.0859375 1.0
37 0.4192708333333333 0.5 0.0859375 1.0
43 0.4973958333333333 0.5 0.0859375 1.0
58 0.5572916666666667 0.5 0.04583333333333334 1.0
52 0.6171875 0.5 0.0859375 1.0
61 0.6875 0.5 0.06875 1.0
58 0.7395833333333334 0.5 0.04583333333333334 1.0
59 0.78125 0.5 0.04583333333333334 1.0
59 0.8229166666666667 0.5 0.04583333333333334 1.0
44 0.8828125 0.5 0.0859375 1.0
43 0.95703125 0.5 0.0859375 1.0
