7 0.05285234899328859 0.5 0.10570469798657718 1.0
64 0.18120805369127516 0.5 0.17718120805369128 1.0
58 0.2885906040268456 0.5 0.059060402684563765 1.0
42 0.3657718120805369 0.5 0.11073825503355705 1.0
60 0.45637583892617445 0.5 0.08859060402684564 1.0
49 0.546979865771812 0.5 0.11073825503355705 1.0
43 0.6476510067114093 0.5 0.11073825503355705 1.0
44 0.7483221476510067 0.5 0.11073825503355705 1.0
41 0.848993288590604 0.5 0.11073825503355705 1.0
52 0.9446308724832215 0.5 0.11073825503355705 1.0
