40 0.057481751824817524 0.5 0.11496350364963505 1.0
50 0.1642335766423358 0.5 0.12043795620437958 1.0
50 0.2737226277372263 0.5 0.12043795620437958 1.0
40 0.3832116788321168 0.5 0.12043795620437958 1.0
60 0.48175182481751827 0.5 0.09635036496350366 1.0
44 0.5802919708029197 0.5 0.12043795620437958 1.0
48 0.6897810218978102 0.5 0.12043795620437958 1.0
61 0.7883211678832116 0.5 0.09635036496350366 1.0
59 0.8613138686131387 0.5 0.06423357664233577 1.0
56 0.9397810218978102 0.5 0.12043795620437958 1.0
