63 0.044366197183098595 0.5 0.08873239436619719 1.0
59 0.11267605633802817 0.5 0.0619718309859155 1.0
40 0.19366197183098594 0.5 0.11619718309859156 1.0
64 0.33098591549295775 0.5 0.18591549295774648 1.0
58 0.44366197183098594 0.5 0.0619718309859155 1.0
48 0.5246478873239436 0.5 0.11619718309859156 1.0
45 0.6302816901408451 0.5 0.11619718309859156 1.0
49 0.7359154929577465 0.5 0.11619718309859156 1.0
44 0.8415492957746479 0.5 0.11619718309859156 1.0
52 0.9419014084507042 0.5 0.11619718309859156 1.0
