52 0.04659763313609468 0.5 0.09319526627218935 1.0
53 0.1331360946745562 0.5 0.09763313609467456 1.0
41 0.22189349112426035 0.5 0.09763313609467456 1.0
64 0.3372781065088757 0.5 0.1562130177514793 1.0
40 0.4526627218934911 0.5 0.09763313609467456 1.0
60 0.5325443786982248 0.5 0.07810650887573965 1.0
58 0.591715976331361 0.5 0.05207100591715977 1.0
48 0.6597633136094675 0.5 0.09763313609467456 1.0
44 0.7485207100591715 0.5 0.09763313609467456 1.0
60 0.8284023668639052 0.5 0.07810650887573965 1.0
2 0.8875739644970414 0.5 0.05207100591715977 1.0
52 0.9511834319526628 0.5 0.09763313609467456 1.0
