59 0.03134328358208955 0.5 0.0626865671641791 1.0
44 0.11567164179104478 0.5 0.12313432835820896 1.0
45 0.22761194029850745 0.5 0.12313432835820896 1.0
58 0.3134328358208955 0.5 0.06567164179104477 1.0
52 0.39925373134328357 0.5 0.12313432835820896 1.0
59 0.4850746268656716 0.5 0.06567164179104477 1.0
40 0.5708955223880597 0.5 0.12313432835820896 1.0
61 0.6716417910447762 0.5 0.09850746268656717 1.0
58 0.7462686567164178 0.5 0.06567164179104477 1.0
49 0.832089552238806 0.5 0.12313432835820896 1.0
48 0.9384328358208955 0.5 0.12313432835820896 1.0
