49 0.05285234899328859 0.5 0.10570469798657718 1.0
50 0.15100671140939598 0.5 0.11073825503355705 1.0
50 0.25167785234899326 0.5 0.11073825503355705 1.0
49 0.3523489932885906 0.5 0.11073825503355705 1.0
60 0.44295302013422816 0.5 0.08859060402684564 1.0
61 0.523489932885906 0.5 0.08859060402684564 1.0
53 0.6140939597315436 0.5 0.11073825503355705 1.0
48 0.7147651006711409 0.5 0.11073825503355705 1.0
58 0.7919463087248322 0.5 0.059060402684563765 1.0
61 0.8590604026845636 0.5 0.08859060402684564 1.0
56 0.9446308724832215 0.5 0.11073825503355705 1.0
