42 0.05921052631578947 0.5 0.11842105263157894 1.0
46 0.16917293233082706 0.5 0.12406015037593986 1.0
40 0.28195488721804507 0.5 0.12406015037593986 1.0
59 0.3684210526315789 0.5 0.0661654135338346 1.0
59 0.42857142857142855 0.5 0.0661654135338346 1.0
44 0.5150375939849624 0.5 0.12406015037593986 1.0
48 0.6278195488721804 0.5 0.12406015037593986 1.0
45 0.7406015037593984 0.5 0.12406015037593986 1.0
44 0.8533834586466165 0.5 0.12406015037593986 1.0
60 0.9503759398496241 0.5 0.09924812030075188 1.0
