50 0.058768656716417914 0.5 0.11753731343283583 1.0
60 0.15671641791044777 0.5 0.09850746268656717 1.0
44 0.2574626865671642 0.5 0.12313432835820896 1.0
63 0.35820895522388063 0.5 0.09850746268656717 1.0
44 0.458955223880597 0.5 0.12313432835820896 1.0
60 0.5597014925373135 0.5 0.09850746268656717 1.0
40 0.6604477611940298 0.5 0.12313432835820896 1.0
41 0.7723880597014925 0.5 0.12313432835820896 1.0
59 0.8582089552238806 0.5 0.06567164179104477 1.0
44 0.9384328358208955 0.5 0.12313432835820896 1.0
