15 0.05977722772277228 0.5 0.11955445544554456 1.0
49 0.15099009900990099 0.5 0.08168316831683169 1.0
64 0.24752475247524752 0.5 0.1306930693069307 1.0
50 0.34405940594059403 0.5 0.08168316831683169 1.0
60 0.4108910891089109 0.5 0.06534653465346535 1.0
44 0.4777227722772277 0.5 0.08168316831683169 1.0
46 0.551980198019802 0.5 0.08168316831683169 1.0
44 0.6262376237623762 0.5 0.08168316831683169 1.0
48 0.7004950495049505 0.5 0.08168316831683169 1.0
52 0.7747524752475248 0.5 0.08168316831683169 1.0
58 0.8316831683168316 0.5 0.04356435643564357 1.0
54 0.8886138613861386 0.5 0.08168316831683169 1.0
44 0.9591584158415841 0.5 0.08168316831683169 1.0
