50 0.05113636363636364 0.5 0.10227272727272728 1.0
60 0.13636363636363635 0.5 0.08571428571428572 1.0
40 0.22402597402597402 0.5 0.10714285714285715 1.0
42 0.3214285714285714 0.5 0.10714285714285715 1.0
61 0.4090909090909091 0.5 0.08571428571428572 1.0
58 0.474025974025974 0.5 0.05714285714285715 1.0
61 0.538961038961039 0.5 0.08571428571428572 1.0
58 0.6038961038961039 0.5 0.05714285714285715 1.0
49 0.6785714285714286 0.5 0.10714285714285715 1.0
48 0.775974025974026 0.5 0.10714285714285715 1.0
44 0.8733766233766234 0.5 0.10714285714285715 1.0
60 0.9571428571428572 0.5 0.08571428571428572 1.0
