60 0.02930232558139535 0.5 0.0586046511627907 1.0
44 0.09069767441860466 0.5 0.07674418604651163 1.0
42 0.16046511627906979 0.5 0.07674418604651163 1.0
49 0.2302325581395349 0.5 0.07674418604651163 1.0
64 0.3209302325581395 0.5 0.12279069767441861 1.0
64 0.4325581395348837 0.5 0.12279069767441861 1.0
44 0.5232558139534883 0.5 0.07674418604651163 1.0
48 0.5930232558139534 0.5 0.07674418604651163 1.0
43 0.6627906976744186 0.5 0.07674418604651163 1.0
40 0.7325581395348837 0.5 0.07674418604651163 1.0
61 0.7953488372093024 0.5 0.061395348837209304 1.0
58 0.8418604651162791 0.5 0.04093023255813954 1.0
49 0.8953488372093023 0.5 0.07674418604651163 1.0
48 0.9616279069767442 0.5 0.07674418604651163 1.0
