63 0.044366197183098595 0.5 0.08873239436619719 1.0
58 0.11267605633802817 0.5 0.0619718309859155 1.0
60 0.18309859154929578 0.5 0.09295774647887324 1.0
52 0.27816901408450706 0.5 0.11619718309859156 1.0
61 0.3732394366197183 0.5 0.09295774647887324 1.0
37 0.46830985915492956 0.5 0.11619718309859156 1.0
42 0.573943661971831 0.5 0.11619718309859156 1.0
59 0.6549295774647886 0.5 0.0619718309859155 1.0
40 0.7359154929577465 0.5 0.11619718309859156 1.0
52 0.8415492957746479 0.5 0.11619718309859156 1.0
52 0.9419014084507042 0.5 0.11619718309859156 1.0
