60 0.03405405405405406 0.5 0.06810810810810812 1.0
44 0.10540540540540541 0.5 0.08918918918918921 1.0
58 0.16756756756756758 0.5 0.047567567567567574 1.0
48 0.22972972972972974 0.5 0.08918918918918921 1.0
63 0.3027027027027027 0.5 0.07135135135135136 1.0
49 0.3756756756756757 0.5 0.08918918918918921 1.0
60 0.4486486486486487 0.5 0.07135135135135136 1.0
42 0.5216216216216216 0.5 0.08918918918918921 1.0
44 0.6027027027027028 0.5 0.08918918918918921 1.0
64 0.7081081081081082 0.5 0.14270270270270272 1.0
44 0.8135135135135136 0.5 0.08918918918918921 1.0
48 0.8945945945945947 0.5 0.08918918918918921 1.0
61 0.9643243243243244 0.5 0.07135135135135136 1.0
