42 0.04801829268292683 0.5 0.09603658536585366 1.0
44 0.13719512195121952 0.5 0.10060975609756098 1.0
48 0.22865853658536583 0.5 0.10060975609756098 1.0
61 0.31097560975609756 0.5 0.08048780487804878 1.0
58 0.3719512195121951 0.5 0.05365853658536586 1.0
45 0.4420731707317073 0.5 0.10060975609756098 1.0
60 0.524390243902439 0.5 0.08048780487804878 1.0
40 0.6067073170731707 0.5 0.10060975609756098 1.0
43 0.6981707317073171 0.5 0.10060975609756098 1.0
44 0.7896341463414634 0.5 0.10060975609756098 1.0
60 0.8719512195121951 0.5 0.08048780487804878 1.0
52 0.9496951219512195 0.5 0.10060975609756098 1.0
