42 0.04891304347826087 0.5 0.09782608695652174 1.0
49 0.13975155279503104 0.5 0.10248447204968944 1.0
64 0.2608695652173913 0.5 0.16397515527950313 1.0
50 0.3819875776397515 0.5 0.10248447204968944 1.0
40 0.47515527950310554 0.5 0.10248447204968944 1.0
60 0.5590062111801242 0.5 0.08198757763975156 1.0
40 0.6428571428571429 0.5 0.10248447204968944 1.0
61 0.7267080745341614 0.5 0.08198757763975156 1.0
58 0.7888198757763976 0.5 0.0546583850931677 1.0
54 0.860248447204969 0.5 0.10248447204968944 1.0
44 0.9487577639751553 0.5 0.10248447204968944 1.0
