60 0.03705882352941177 0.5 0.07411764705882354 1.0
44 0.11470588235294119 0.5 0.09705882352941178 1.0
64 0.22941176470588234 0.5 0.15529411764705883 1.0
44 0.34411764705882353 0.5 0.09705882352941178 1.0
64 0.45882352941176474 0.5 0.15529411764705883 1.0
41 0.5735294117647058 0.5 0.09705882352941178 1.0
44 0.6617647058823529 0.5 0.09705882352941178 1.0
60 0.7411764705882353 0.5 0.07764705882352942 1.0
58 0.8 0.5 0.05176470588235294 1.0
48 0.8676470588235293 0.5 0.09705882352941178 1.0
45 0.9514705882352941 0.5 0.09705882352941178 1.0
