46 0.04861111111111111 0.5 0.09722222222222222 1.0
44 0.1388888888888889 0.5 0.10185185185185186 1.0
40 0.23148148148148145 0.5 0.10185185185185186 1.0
43 0.32407407407407407 0.5 0.10185185185185186 1.0
37 0.41666666666666663 0.5 0.10185185185185186 1.0
52 0.5092592592592592 0.5 0.10185185185185186 1.0
61 0.5925925925925926 0.5 0.08148148148148149 1.0
49 0.6759259259259258 0.5 0.10185185185185186 1.0
48 0.7685185185185185 0.5 0.10185185185185186 1.0
44 0.861111111111111 0.5 0.10185185185185186 1.0
52 0.9490740740740741 0.5 0.10185185185185186 1.0
