64 0.0711864406779661 0.5 0.1423728813559322 1.0
40 0.17796610169491525 0.5 0.09322033898305085 1.0
48 0.2627118644067796 0.5 0.09322033898305085 1.0
53 0.34745762711864403 0.5 0.09322033898305085 1.0
63 0.423728813559322 0.5 0.07457627118644068 1.0
40 0.5 0.5 0.09322033898305085 1.0
42 0.5847457627118644 0.5 0.09322033898305085 1.0
61 0.6610169491525424 0.5 0.07457627118644068 1.0
53 0.7372881355932203 0.5 0.09322033898305085 1.0
60 0.8135593220338982 0.5 0.07457627118644068 1.0
44 0.8898305084745762 0.5 0.09322033898305085 1.0
60 0.9627118644067797 0.5 0.07457627118644068 1.0
