15 0.06939655172413793 0.5 0.13879310344827586 1.0
49 0.1752873563218391 0.5 0.09482758620689656 1.0
48 0.2614942528735632 0.5 0.09482758620689656 1.0
63 0.339080459770115 0.5 0.07586206896551724 1.0
58 0.39655172413793105 0.5 0.05057471264367817 1.0
60 0.4540229885057471 0.5 0.07586206896551724 1.0
64 0.5574712643678161 0.5 0.15172413793103448 1.0
40 0.6695402298850575 0.5 0.09482758620689656 1.0
61 0.7471264367816092 0.5 0.07586206896551724 1.0
58 0.8045977011494253 0.5 0.05057471264367817 1.0
49 0.8706896551724138 0.5 0.09482758620689656 1.0
48 0.9525862068965517 0.5 0.09482758620689656 1.0
