46 0.0399746192893401 0.5 0.0799492385786802 1.0
44 0.11421319796954316 0.5 0.08375634517766499 1.0
40 0.1903553299492386 0.5 0.08375634517766499 1.0
43 0.26649746192893403 0.5 0.08375634517766499 1.0
37 0.34263959390862947 0.5 0.08375634517766499 1.0
52 0.4187817258883249 0.5 0.08375634517766499 1.0
46 0.49492385786802034 0.5 0.08375634517766499 1.0
60 0.5634517766497462 0.5 0.06700507614213198 1.0
58 0.6142131979695431 0.5 0.04467005076142132 1.0
48 0.6725888324873097 0.5 0.08375634517766499 1.0
47 0.748730964467005 0.5 0.08375634517766499 1.0
44 0.8248730964467006 0.5 0.08375634517766499 1.0
60 0.8934010152284264 0.5 0.06700507614213198 1.0
52 0.9581218274111675 0.5 0.08375634517766499 1.0
