50 0.05431034482758621 0.5 0.10862068965517242 1.0
40 0.15517241379310345 0.5 0.11379310344827587 1.0
61 0.2482758620689655 0.5 0.0910344827586207 1.0
60 0.3310344827586207 0.5 0.0910344827586207 1.0
49 0.4241379310344827 0.5 0.11379310344827587 1.0
48 0.5275862068965518 0.5 0.11379310344827587 1.0
58 0.606896551724138 0.5 0.0606896551724138 1.0
57 0.6862068965517241 0.5 0.11379310344827587 1.0
58 0.7655172413793103 0.5 0.0606896551724138 1.0
48 0.8448275862068966 0.5 0.11379310344827587 1.0
45 0.943103448275862 0.5 0.11379310344827587 1.0
