63 0.04666666666666667 0.5 0.09333333333333334 1.0
60 0.13333333333333333 0.5 0.09777777777777778 1.0
40 0.23333333333333334 0.5 0.12222222222222223 1.0
48 0.34444444444444444 0.5 0.12222222222222223 1.0
61 0.4444444444444445 0.5 0.09777777777777778 1.0
58 0.5185185185185185 0.5 0.0651851851851852 1.0
42 0.6037037037037037 0.5 0.12222222222222223 1.0
40 0.7148148148148148 0.5 0.12222222222222223 1.0
59 0.8 0.5 0.0651851851851852 1.0
59 0.8592592592592593 0.5 0.0651851851851852 1.0
56 0.9388888888888889 0.5 0.12222222222222223 1.0
