52 0.04424157303370787 0.5 0.08848314606741574 1.0
61 0.11797752808988764 0.5 0.07415730337078652 1.0
40 0.1938202247191011 0.5 0.09269662921348315 1.0
58 0.2584269662921348 0.5 0.04943820224719101 1.0
48 0.32303370786516855 0.5 0.09269662921348315 1.0
44 0.40730337078651685 0.5 0.09269662921348315 1.0
43 0.49157303370786515 0.5 0.09269662921348315 1.0
37 0.5758426966292135 0.5 0.09269662921348315 1.0
45 0.6601123595505618 0.5 0.09269662921348315 1.0
59 0.7247191011235954 0.5 0.04943820224719101 1.0
40 0.7893258426966292 0.5 0.09269662921348315 1.0
52 0.8735955056179776 0.5 0.09269662921348315 1.0
52 0.9536516853932584 0.5 0.09269662921348315 1.0
