42 0.04831288343558282 0.5 0.09662576687116564 1.0
40 0.1380368098159509 0.5 0.10122699386503067 1.0
48 0.23006134969325154 0.5 0.10122699386503067 1.0
43 0.3220858895705521 0.5 0.10122699386503067 1.0
59 0.39263803680981596 0.5 0.0539877300613497 1.0
44 0.46319018404907975 0.5 0.10122699386503067 1.0
52 0.5552147239263803 0.5 0.10122699386503067 1.0
61 0.6380368098159509 0.5 0.08098159509202456 1.0
58 0.6993865030674846 0.5 0.0539877300613497 1.0
42 0.7699386503067485 0.5 0.10122699386503067 1.0
47 0.861963190184049 0.5 0.10122699386503067 1.0
52 0.9493865030674846 0.5 0.10122699386503067 1.0
