28 0.07840909090909091 0.5 0.15681818181818183 1.0
44 0.19805194805194803 0.5 0.10714285714285715 1.0
42 0.29545454545454547 0.5 0.10714285714285715 1.0
60 0.38311688311688313 0.5 0.08571428571428572 1.0
44 0.47077922077922074 0.5 0.10714285714285715 1.0
61 0.5584415584415584 0.5 0.08571428571428572 1.0
40 0.6461038961038961 0.5 0.10714285714285715 1.0
60 0.7337662337662337 0.5 0.08571428571428572 1.0
58 0.7987012987012987 0.5 0.05714285714285715 1.0
40 0.8733766233766234 0.5 0.10714285714285715 1.0
61 0.9571428571428572 0.5 0.08571428571428572 1.0
