58 0.028965517241379312 0.5 0.057931034482758624 1.0
48 0.10689655172413792 0.5 0.11379310344827587 1.0
46 0.21034482758620687 0.5 0.11379310344827587 1.0
44 0.3137931034482758 0.5 0.11379310344827587 1.0
60 0.40689655172413797 0.5 0.0910344827586207 1.0
58 0.47586206896551725 0.5 0.0606896551724138 1.0
61 0.5448275862068965 0.5 0.0910344827586207 1.0
40 0.6379310344827586 0.5 0.11379310344827587 1.0
48 0.7413793103448276 0.5 0.11379310344827587 1.0
42 0.8448275862068966 0.5 0.11379310344827587 1.0
44 0.943103448275862 0.5 0.11379310344827587 1.0
