35 0.05048076923076924 0.5 0.10096153846153848 1.0
48 0.14423076923076925 0.5 0.10576923076923078 1.0
42 0.2403846153846154 0.5 0.10576923076923078 1.0
58 0.31410256410256415 0.5 0.05641025641025641 1.0
43 0.38782051282051283 0.5 0.10576923076923078 1.0
44 0.483974358974359 0.5 0.10576923076923078 1.0
48 0.5801282051282052 0.5 0.10576923076923078 1.0
61 0.6666666666666666 0.5 0.08461538461538462 1.0
40 0.7532051282051283 0.5 0.10576923076923078 1.0
59 0.826923076923077 0.5 0.05641025641025641 1.0
59 0.8782051282051283 0.5 0.05641025641025641 1.0
56 0.9471153846153846 0.5 0.10576923076923078 1.0
