58 0.024277456647398842 0.5 0.048554913294797684 1.0
43 0.08959537572254335 0.5 0.09537572254335261 1.0
44 0.17630057803468208 0.5 0.09537572254335261 1.0
48 0.2630057803468208 0.5 0.09537572254335261 1.0
61 0.34104046242774566 0.5 0.07630057803468208 1.0
58 0.3988439306358381 0.5 0.05086705202312139 1.0
63 0.4566473988439306 0.5 0.07630057803468208 1.0
58 0.5144508670520231 0.5 0.05086705202312139 1.0
42 0.5809248554913294 0.5 0.09537572254335261 1.0
40 0.6676300578034682 0.5 0.09537572254335261 1.0
61 0.745664739884393 0.5 0.07630057803468208 1.0
58 0.8034682080924855 0.5 0.05086705202312139 1.0
49 0.8699421965317918 0.5 0.09537572254335261 1.0
48 0.9523121387283237 0.5 0.09537572254335261 1.0
