59 0.03134328358208955 0.5 0.0626865671641791 1.0
40 0.11567164179104478 0.5 0.12313432835820896 1.0
41 0.22761194029850745 0.5 0.12313432835820896 1.0
49 0.33955223880597013 0.5 0.12313432835820896 1.0
60 0.4402985074626866 0.5 0.09850746268656717 1.0
40 0.541044776119403 0.5 0.12313432835820896 1.0
61 0.6417910447761195 0.5 0.09850746268656717 1.0
49 0.7425373134328358 0.5 0.12313432835820896 1.0
60 0.8432835820895522 0.5 0.09850746268656717 1.0
56 0.9384328358208955 0.5 0.12313432835820896 1.0
