38 0.07036082474226804 0.5 0.14072164948453608 1.0
44 0.17268041237113402 0.5 0.08505154639175258 1.0
61 0.2422680412371134 0.5 0.06804123711340207 1.0
44 0.3118556701030928 0.5 0.08505154639175258 1.0
49 0.3891752577319587 0.5 0.08505154639175258 1.0
60 0.4587628865979382 0.5 0.06804123711340207 1.0
49 0.5283505154639175 0.5 0.08505154639175258 1.0
59 0.5876288659793815 0.5 0.04536082474226805 1.0
49 0.6469072164948454 0.5 0.08505154639175258 1.0
45 0.7242268041237113 0.5 0.08505154639175258 1.0
58 0.7835051546391754 0.5 0.04536082474226805 1.0
42 0.8427835051546392 0.5 0.08505154639175258 1.0
40 0.9201030927835051 0.5 0.08505154639175258 1.0
59 0.977319587628866 0.5 0.04536082474226805 1.0
