58 0.030434782608695653 0.5 0.06086956521739131 1.0
48 0.11231884057971014 0.5 0.11956521739130435 1.0
61 0.21014492753623187 0.5 0.09565217391304348 1.0
49 0.30797101449275366 0.5 0.11956521739130435 1.0
59 0.391304347826087 0.5 0.063768115942029 1.0
44 0.4746376811594203 0.5 0.11956521739130435 1.0
60 0.572463768115942 0.5 0.09565217391304348 1.0
40 0.6702898550724637 0.5 0.11956521739130435 1.0
41 0.7789855072463768 0.5 0.11956521739130435 1.0
59 0.8623188405797101 0.5 0.063768115942029 1.0
44 0.9402173913043478 0.5 0.11956521739130435 1.0
