61 0.03662790697674419 0.5 0.07325581395348837 1.0
53 0.11337209302325582 0.5 0.09593023255813954 1.0
60 0.19186046511627908 0.5 0.07674418604651163 1.0
48 0.27034883720930236 0.5 0.09593023255813954 1.0
58 0.3372093023255814 0.5 0.051162790697674425 1.0
48 0.40406976744186046 0.5 0.09593023255813954 1.0
45 0.4912790697674419 0.5 0.09593023255813954 1.0
37 0.5784883720930233 0.5 0.09593023255813954 1.0
50 0.6656976744186046 0.5 0.09593023255813954 1.0
49 0.752906976744186 0.5 0.09593023255813954 1.0
58 0.8197674418604651 0.5 0.051162790697674425 1.0
48 0.8866279069767442 0.5 0.09593023255813954 1.0
61 0.9616279069767442 0.5 0.07674418604651163 1.0
