64 0.07039106145251396 0.5 0.14078212290502792 1.0
49 0.17597765363128492 0.5 0.09217877094972067 1.0
49 0.25977653631284914 0.5 0.09217877094972067 1.0
60 0.335195530726257 0.5 0.07374301675977654 1.0
58 0.39106145251396646 0.5 0.04916201117318436 1.0
48 0.4553072625698324 0.5 0.09217877094972067 1.0
45 0.5391061452513967 0.5 0.09217877094972067 1.0
37 0.6229050279329609 0.5 0.09217877094972067 1.0
46 0.7067039106145252 0.5 0.09217877094972067 1.0
49 0.7905027932960894 0.5 0.09217877094972067 1.0
49 0.8743016759776536 0.5 0.09217877094972067 1.0
47 0.9539106145251397 0.5 0.09217877094972067 1.0
