15 0.06671270718232045 0.5 0.1334254143646409 1.0
57 0.1685082872928177 0.5 0.09116022099447514 1.0
44 0.2513812154696133 0.5 0.09116022099447514 1.0
42 0.3342541436464089 0.5 0.09116022099447514 1.0
46 0.4171270718232044 0.5 0.09116022099447514 1.0
49 0.5 0.5 0.09116022099447514 1.0
52 0.5828729281767955 0.5 0.09116022099447514 1.0
59 0.6464088397790055 0.5 0.04861878453038674 1.0
49 0.7099447513812154 0.5 0.09116022099447514 1.0
54 0.792817679558011 0.5 0.09116022099447514 1.0
40 0.8756906077348066 0.5 0.09116022099447514 1.0
47 0.9544198895027625 0.5 0.09116022099447514 1.0
