44 0.04659763313609468 0.5 0.09319526627218935 1.0
64 0.15976331360946744 0.5 0.1562130177514793 1.0
41 0.27514792899408286 0.5 0.09763313609467456 1.0
60 0.35502958579881655 0.5 0.07810650887573965 1.0
49 0.4349112426035503 0.5 0.09763313609467456 1.0
58 0.5029585798816568 0.5 0.05207100591715977 1.0
43 0.5710059171597633 0.5 0.09763313609467456 1.0
44 0.6597633136094675 0.5 0.09763313609467456 1.0
60 0.7396449704142011 0.5 0.07810650887573965 1.0
58 0.7988165680473372 0.5 0.05207100591715977 1.0
44 0.8668639053254438 0.5 0.09763313609467456 1.0
52 0.9511834319526628 0.5 0.09763313609467456 1.0
