52 0.05285234899328859 0.5 0.10570469798657718 1.0
50 0.15100671140939598 0.5 0.11073825503355705 1.0
44 0.25167785234899326 0.5 0.11073825503355705 1.0
42 0.3523489932885906 0.5 0.11073825503355705 1.0
58 0.42953020134228187 0.5 0.059060402684563765 1.0
63 0.49664429530201337 0.5 0.08859060402684564 1.0
58 0.5637583892617449 0.5 0.059060402684563765 1.0
42 0.6409395973154361 0.5 0.11073825503355705 1.0
40 0.7416107382550335 0.5 0.11073825503355705 1.0
59 0.8187919463087248 0.5 0.059060402684563765 1.0
59 0.87248322147651 0.5 0.059060402684563765 1.0
56 0.9446308724832215 0.5 0.11073825503355705 1.0
