44 0.04984177215189874 0.5 0.09968354430379749 1.0
64 0.1708860759493671 0.5 0.16708860759493674 1.0
50 0.29430379746835444 0.5 0.10443037974683546 1.0
59 0.3670886075949368 0.5 0.055696202531645575 1.0
49 0.439873417721519 0.5 0.10443037974683546 1.0
56 0.5348101265822786 0.5 0.10443037974683546 1.0
64 0.6582278481012658 0.5 0.16708860759493674 1.0
44 0.7816455696202532 0.5 0.10443037974683546 1.0
48 0.8765822784810128 0.5 0.10443037974683546 1.0
61 0.9582278481012658 0.5 0.08354430379746837 1.0
