43 0.05706521739130435 0.5 0.1141304347826087 1.0
58 0.13768115942028986 0.5 0.063768115942029 1.0
54 0.22101449275362317 0.5 0.11956521739130435 1.0
44 0.32971014492753625 0.5 0.11956521739130435 1.0
60 0.427536231884058 0.5 0.09565217391304348 1.0
52 0.5253623188405797 0.5 0.11956521739130435 1.0
58 0.6086956521739131 0.5 0.063768115942029 1.0
63 0.681159420289855 0.5 0.09565217391304348 1.0
58 0.7536231884057971 0.5 0.063768115942029 1.0
44 0.8369565217391305 0.5 0.11956521739130435 1.0
43 0.9402173913043478 0.5 0.11956521739130435 1.0
