53 0.032407407407407406 0.5 0.06481481481481481 1.0
48 0.09259259259259259 0.5 0.06790123456790123 1.0
43 0.15432098765432098 0.5 0.06790123456790123 1.0
44 0.21604938271604937 0.5 0.06790123456790123 1.0
60 0.2716049382716049 0.5 0.05432098765432099 1.0
37 0.3271604938271605 0.5 0.06790123456790123 1.0
60 0.38271604938271603 0.5 0.05432098765432099 1.0
44 0.43827160493827155 0.5 0.06790123456790123 1.0
50 0.5 0.5 0.06790123456790123 1.0
60 0.5555555555555555 0.5 0.05432098765432099 1.0
44 0.611111111111111 0.5 0.06790123456790123 1.0
52 0.6728395061728395 0.5 0.06790123456790123 1.0
44 0.7345679012345679 0.5 0.06790123456790123 1.0
48 0.7962962962962963 0.5 0.06790123456790123 1.0
61 0.8518518518518517 0.5 0.05432098765432099 1.0
44 0.9074074074074073 0.5 0.06790123456790123 1.0
43 0.9660493827160493 0.5 0.06790123456790123 1.0
