52 0.04059278350515464 0.5 0.08118556701030928 1.0
53 0.11597938144329897 0.5 0.08505154639175258 1.0
50 0.19329896907216496 0.5 0.08505154639175258 1.0
44 0.27061855670103097 0.5 0.08505154639175258 1.0
60 0.3402061855670103 0.5 0.06804123711340207 1.0
58 0.3917525773195876 0.5 0.04536082474226805 1.0
48 0.4510309278350516 0.5 0.08505154639175258 1.0
61 0.520618556701031 0.5 0.06804123711340207 1.0
44 0.5902061855670103 0.5 0.08505154639175258 1.0
48 0.6675257731958762 0.5 0.08505154639175258 1.0
43 0.7448453608247423 0.5 0.08505154639175258 1.0
44 0.8221649484536082 0.5 0.08505154639175258 1.0
48 0.8994845360824743 0.5 0.08505154639175258 1.0
61 0.965979381443299 0.5 0.06804123711340207 1.0
