22 0.04908536585365854 0.5 0.09817073170731708 1.0
24 0.14024390243902438 0.5 0.10284552845528455 1.0
23 0.23373983739837398 0.5 0.10284552845528455 1.0
19 0.32723577235772355 0.5 0.10284552845528455 1.0
18 0.42073170731707316 0.5 0.10284552845528455 1.0
17 0.5142276422764227 0.5 0.10284552845528455 1.0
22 0.6077235772357723 0.5 0.10284552845528455 1.0
22 0.7012195121951219 0.5 0.10284552845528455 1.0
24 0.7947154471544715 0.5 0.10284552845528455 1.0
39 0.9128048780487805 0.5 0.17439024390243904 1.0
