38 0.06290322580645161 0.5 0.12580645161290321 1.0
17 0.1728110599078341 0.5 0.11658986175115209 1.0
23 0.27880184331797236 0.5 0.11658986175115209 1.0
29 0.3847926267281106 0.5 0.11658986175115209 1.0
35 0.47235023041474655 0.5 0.07603686635944702 1.0
24 0.5599078341013826 0.5 0.11658986175115209 1.0
23 0.6658986175115208 0.5 0.11658986175115209 1.0
35 0.7534562211981567 0.5 0.07603686635944702 1.0
23 0.8410138248847927 0.5 0.11658986175115209 1.0
19 0.941705069124424 0.5 0.11658986175115209 1.0
