19 0.08503521126760565 0.5 0.1700704225352113 1.0
40 0.2147887323943662 0.5 0.11619718309859156 1.0
58 0.29577464788732394 0.5 0.0619718309859155 1.0
61 0.36619718309859156 0.5 0.09295774647887324 1.0
52 0.4612676056338028 0.5 0.11619718309859156 1.0
47 0.5669014084507042 0.5 0.11619718309859156 1.0
44 0.6725352112676056 0.5 0.11619718309859156 1.0
59 0.7535211267605634 0.5 0.0619718309859155 1.0
59 0.8098591549295774 0.5 0.0619718309859155 1.0
2 0.8661971830985915 0.5 0.0619718309859155 1.0
52 0.9419014084507042 0.5 0.11619718309859156 1.0
