28 0.07996688741721855 0.5 0.1599337748344371 1.0
40 0.20198675496688742 0.5 0.10927152317880795 1.0
59 0.27814569536423844 0.5 0.05827814569536424 1.0
61 0.3443708609271523 0.5 0.08741721854304636 1.0
37 0.4337748344370861 0.5 0.10927152317880795 1.0
65 0.5629139072847682 0.5 0.17483443708609273 1.0
40 0.6920529801324503 0.5 0.10927152317880795 1.0
61 0.7814569536423841 0.5 0.08741721854304636 1.0
44 0.8708609271523179 0.5 0.10927152317880795 1.0
60 0.9562913907284768 0.5 0.08741721854304636 1.0
