42 0.04984177215189874 0.5 0.09968354430379749 1.0
49 0.14240506329113925 0.5 0.10443037974683546 1.0
64 0.2658227848101266 0.5 0.16708860759493674 1.0
50 0.389240506329114 0.5 0.10443037974683546 1.0
60 0.47468354430379744 0.5 0.08354430379746837 1.0
49 0.5601265822784811 0.5 0.10443037974683546 1.0
64 0.6835443037974683 0.5 0.16708860759493674 1.0
58 0.7848101265822786 0.5 0.055696202531645575 1.0
52 0.8575949367088608 0.5 0.10443037974683546 1.0
44 0.9477848101265822 0.5 0.10443037974683546 1.0
