46 0.03860294117647059 0.5 0.07720588235294118 1.0
40 0.11029411764705882 0.5 0.08088235294117647 1.0
48 0.18382352941176472 0.5 0.08088235294117647 1.0
43 0.25735294117647056 0.5 0.08088235294117647 1.0
37 0.33088235294117646 0.5 0.08088235294117647 1.0
42 0.40441176470588236 0.5 0.08088235294117647 1.0
60 0.47058823529411764 0.5 0.06470588235294118 1.0
49 0.5367647058823529 0.5 0.08088235294117647 1.0
42 0.6102941176470588 0.5 0.08088235294117647 1.0
46 0.6838235294117647 0.5 0.08088235294117647 1.0
44 0.7573529411764706 0.5 0.08088235294117647 1.0
61 0.823529411764706 0.5 0.06470588235294118 1.0
44 0.8897058823529412 0.5 0.08088235294117647 1.0
43 0.9595588235294118 0.5 0.08088235294117647 1.0
