42 0.04399441340782123 0.5 0.08798882681564246 1.0
49 0.12569832402234637 0.5 0.09217877094972067 1.0
48 0.2094972067039106 0.5 0.09217877094972067 1.0
42 0.29329608938547486 0.5 0.09217877094972067 1.0
44 0.37709497206703907 0.5 0.09217877094972067 1.0
48 0.4608938547486033 0.5 0.09217877094972067 1.0
61 0.5363128491620112 0.5 0.07374301675977654 1.0
60 0.6033519553072625 0.5 0.07374301675977654 1.0
40 0.6787709497206704 0.5 0.09217877094972067 1.0
61 0.7541899441340781 0.5 0.07374301675977654 1.0
58 0.8100558659217877 0.5 0.04916201117318436 1.0
49 0.8743016759776536 0.5 0.09217877094972067 1.0
48 0.9539106145251397 0.5 0.09217877094972067 1.0
