46 0.047155688622754495 0.5 0.09431137724550899 1.0
40 0.1347305389221557 0.5 0.09880239520958084 1.0
48 0.2245508982035928 0.5 0.09880239520958084 1.0
43 0.31437125748503 0.5 0.09880239520958084 1.0
47 0.4041916167664671 0.5 0.09880239520958084 1.0
44 0.4940119760479042 0.5 0.09880239520958084 1.0
60 0.5748502994011976 0.5 0.07904191616766468 1.0
42 0.655688622754491 0.5 0.09880239520958084 1.0
46 0.7455089820359281 0.5 0.09880239520958084 1.0
58 0.8143712574850299 0.5 0.05269461077844312 1.0
44 0.8832335329341316 0.5 0.09880239520958084 1.0
63 0.9604790419161676 0.5 0.07904191616766468 1.0
