46 0.053209459459459464 0.5 0.10641891891891893 1.0
40 0.15202702702702703 0.5 0.1114864864864865 1.0
59 0.22972972972972974 0.5 0.05945945945945947 1.0
63 0.29729729729729737 0.5 0.08918918918918921 1.0
37 0.3885135135135135 0.5 0.1114864864864865 1.0
42 0.48986486486486486 0.5 0.1114864864864865 1.0
49 0.5912162162162162 0.5 0.1114864864864865 1.0
49 0.6925675675675675 0.5 0.1114864864864865 1.0
59 0.7702702702702704 0.5 0.05945945945945947 1.0
44 0.847972972972973 0.5 0.1114864864864865 1.0
43 0.9442567567567568 0.5 0.1114864864864865 1.0
