43 0.04632352941176471 0.5 0.09264705882352942 1.0
58 0.11176470588235295 0.5 0.05176470588235294 1.0
52 0.17941176470588238 0.5 0.09705882352941178 1.0
40 0.2676470588235294 0.5 0.09705882352941178 1.0
60 0.34705882352941175 0.5 0.07764705882352942 1.0
64 0.4529411764705883 0.5 0.15529411764705883 1.0
40 0.5676470588235294 0.5 0.09705882352941178 1.0
64 0.6823529411764706 0.5 0.15529411764705883 1.0
44 0.7970588235294117 0.5 0.09705882352941178 1.0
48 0.8852941176470588 0.5 0.09705882352941178 1.0
61 0.9611764705882353 0.5 0.07764705882352942 1.0
