46 0.05180921052631579 0.5 0.10361842105263158 1.0
49 0.14802631578947367 0.5 0.10855263157894737 1.0
64 0.2763157894736842 0.5 0.1736842105263158 1.0
49 0.40460526315789475 0.5 0.10855263157894737 1.0
52 0.5032894736842105 0.5 0.10855263157894737 1.0
44 0.6019736842105262 0.5 0.10855263157894737 1.0
55 0.700657894736842 0.5 0.10855263157894737 1.0
53 0.7993421052631579 0.5 0.10855263157894737 1.0
40 0.8980263157894737 0.5 0.10855263157894737 1.0
59 0.9710526315789474 0.5 0.05789473684210526 1.0
