42 0.0369718309859155 0.5 0.073943661971831 1.0
49 0.1056338028169014 0.5 0.07746478873239437 1.0
48 0.17605633802816903 0.5 0.07746478873239437 1.0
54 0.24647887323943662 0.5 0.07746478873239437 1.0
44 0.31690140845070425 0.5 0.07746478873239437 1.0
60 0.3802816901408451 0.5 0.0619718309859155 1.0
52 0.44366197183098594 0.5 0.07746478873239437 1.0
40 0.5140845070422535 0.5 0.07746478873239437 1.0
61 0.5774647887323944 0.5 0.0619718309859155 1.0
58 0.6244131455399062 0.5 0.041314553990610334 1.0
49 0.6784037558685446 0.5 0.07746478873239437 1.0
48 0.7488262910798122 0.5 0.07746478873239437 1.0
40 0.8192488262910798 0.5 0.07746478873239437 1.0
59 0.8732394366197184 0.5 0.041314553990610334 1.0
59 0.9107981220657277 0.5 0.041314553990610334 1.0
56 0.9612676056338028 0.5 0.07746478873239437 1.0
