40 0.05506993006993007 0.5 0.11013986013986014 1.0
60 0.14685314685314685 0.5 0.09230769230769231 1.0
61 0.23076923076923075 0.5 0.09230769230769231 1.0
58 0.3006993006993007 0.5 0.06153846153846154 1.0
52 0.38111888111888115 0.5 0.11538461538461539 1.0
61 0.4755244755244756 0.5 0.09230769230769231 1.0
58 0.5454545454545455 0.5 0.06153846153846154 1.0
42 0.6258741258741258 0.5 0.11538461538461539 1.0
40 0.7307692307692308 0.5 0.11538461538461539 1.0
59 0.8111888111888113 0.5 0.06153846153846154 1.0
59 0.8671328671328672 0.5 0.06153846153846154 1.0
56 0.9423076923076923 0.5 0.11538461538461539 1.0
