52 0.04552023121387283 0.5 0.09104046242774566 1.0
61 0.12138728323699421 0.5 0.07630057803468208 1.0
60 0.19075144508670516 0.5 0.07630057803468208 1.0
40 0.26878612716763006 0.5 0.09537572254335261 1.0
58 0.33526011560693636 0.5 0.05086705202312139 1.0
61 0.39306358381502887 0.5 0.07630057803468208 1.0
37 0.4710982658959537 0.5 0.09537572254335261 1.0
62 0.5491329479768786 0.5 0.07630057803468208 1.0
40 0.6271676300578034 0.5 0.09537572254335261 1.0
42 0.7138728323699421 0.5 0.09537572254335261 1.0
47 0.8005780346820809 0.5 0.09537572254335261 1.0
44 0.8872832369942195 0.5 0.09537572254335261 1.0
61 0.9618497109826589 0.5 0.07630057803468208 1.0
