49 0.04399441340782123 0.5 0.08798882681564246 1.0
54 0.12569832402234637 0.5 0.09217877094972067 1.0
44 0.2094972067039106 0.5 0.09217877094972067 1.0
60 0.28491620111731847 0.5 0.07374301675977654 1.0
42 0.36033519553072624 0.5 0.09217877094972067 1.0
49 0.44413407821229045 0.5 0.09217877094972067 1.0
48 0.5279329608938548 0.5 0.09217877094972067 1.0
63 0.6033519553072625 0.5 0.07374301675977654 1.0
58 0.659217877094972 0.5 0.04916201117318436 1.0
43 0.723463687150838 0.5 0.09217877094972067 1.0
44 0.8072625698324022 0.5 0.09217877094972067 1.0
48 0.8910614525139665 0.5 0.09217877094972067 1.0
61 0.9631284916201117 0.5 0.07374301675977654 1.0
