58 0.027272727272727275 0.5 0.05454545454545455 1.0
48 0.10064935064935066 0.5 0.10714285714285715 1.0
44 0.19805194805194803 0.5 0.10714285714285715 1.0
54 0.29545454545454547 0.5 0.10714285714285715 1.0
58 0.37012987012987014 0.5 0.05714285714285715 1.0
61 0.4350649350649351 0.5 0.08571428571428572 1.0
40 0.5227272727272727 0.5 0.10714285714285715 1.0
41 0.6201298701298701 0.5 0.10714285714285715 1.0
58 0.6948051948051949 0.5 0.05714285714285715 1.0
59 0.7467532467532468 0.5 0.05714285714285715 1.0
58 0.7987012987012987 0.5 0.05714285714285715 1.0
61 0.8636363636363636 0.5 0.08571428571428572 1.0
56 0.9464285714285714 0.5 0.10714285714285715 1.0
