53 0.04552023121387283 0.5 0.09104046242774566 1.0
48 0.13005780346820808 0.5 0.09537572254335261 1.0
58 0.19653179190751444 0.5 0.05086705202312139 1.0
59 0.24277456647398843 0.5 0.05086705202312139 1.0
40 0.3092485549132948 0.5 0.09537572254335261 1.0
61 0.3872832369942196 0.5 0.07630057803468208 1.0
44 0.46531791907514447 0.5 0.09537572254335261 1.0
60 0.5433526011560693 0.5 0.07630057803468208 1.0
40 0.6213872832369941 0.5 0.09537572254335261 1.0
59 0.6878612716763005 0.5 0.05086705202312139 1.0
58 0.7341040462427745 0.5 0.05086705202312139 1.0
52 0.8005780346820809 0.5 0.09537572254335261 1.0
61 0.8786127167630057 0.5 0.07630057803468208 1.0
52 0.9523121387283237 0.5 0.09537572254335261 1.0
