58 0.030434782608695653 0.5 0.06086956521739131 1.0
48 0.11231884057971014 0.5 0.11956521739130435 1.0
61 0.21014492753623187 0.5 0.09565217391304348 1.0
44 0.30797101449275366 0.5 0.11956521739130435 1.0
48 0.4166666666666667 0.5 0.11956521739130435 1.0
52 0.5253623188405797 0.5 0.11956521739130435 1.0
58 0.6086956521739131 0.5 0.063768115942029 1.0
63 0.681159420289855 0.5 0.09565217391304348 1.0
58 0.7536231884057971 0.5 0.063768115942029 1.0
44 0.8369565217391305 0.5 0.11956521739130435 1.0
43 0.9402173913043478 0.5 0.11956521739130435 1.0
