40 0.03484513274336284 0.5 0.06969026548672567 1.0
42 0.09955752212389382 0.5 0.07300884955752214 1.0
42 0.16592920353982302 0.5 0.07300884955752214 1.0
49 0.23230088495575224 0.5 0.07300884955752214 1.0
64 0.31858407079646023 0.5 0.11681415929203541 1.0
50 0.40486725663716816 0.5 0.07300884955752214 1.0
59 0.4557522123893806 0.5 0.03893805309734513 1.0
58 0.4911504424778761 0.5 0.03893805309734513 1.0
52 0.5420353982300885 0.5 0.07300884955752214 1.0
46 0.6084070796460177 0.5 0.07300884955752214 1.0
64 0.6946902654867256 0.5 0.11681415929203541 1.0
44 0.7809734513274337 0.5 0.07300884955752214 1.0
48 0.8473451327433629 0.5 0.07300884955752214 1.0
61 0.9070796460176992 0.5 0.058407079646017705 1.0
52 0.963495575221239 0.5 0.07300884955752214 1.0
