43 0.04233870967741936 0.5 0.08467741935483872 1.0
44 0.12096774193548387 0.5 0.08870967741935484 1.0
44 0.20161290322580644 0.5 0.08870967741935484 1.0
50 0.28225806451612906 0.5 0.08870967741935484 1.0
37 0.3629032258064516 0.5 0.08870967741935484 1.0
61 0.4354838709677419 0.5 0.07096774193548387 1.0
46 0.5080645161290323 0.5 0.08870967741935484 1.0
60 0.5806451612903225 0.5 0.07096774193548387 1.0
49 0.6532258064516129 0.5 0.08870967741935484 1.0
40 0.7338709677419354 0.5 0.08870967741935484 1.0
61 0.8064516129032258 0.5 0.07096774193548387 1.0
44 0.879032258064516 0.5 0.08870967741935484 1.0
43 0.9556451612903226 0.5 0.08870967741935484 1.0
