50 0.060576923076923084 0.5 0.12115384615384617 1.0
49 0.17307692307692307 0.5 0.12692307692307694 1.0
50 0.2884615384615385 0.5 0.12692307692307694 1.0
53 0.40384615384615385 0.5 0.12692307692307694 1.0
59 0.49230769230769234 0.5 0.0676923076923077 1.0
40 0.5807692307692308 0.5 0.12692307692307694 1.0
60 0.6846153846153846 0.5 0.10153846153846155 1.0
58 0.7615384615384616 0.5 0.0676923076923077 1.0
61 0.8384615384615386 0.5 0.10153846153846155 1.0
56 0.9365384615384615 0.5 0.12692307692307694 1.0
