43 0.05048076923076924 0.5 0.10096153846153848 1.0
49 0.14423076923076925 0.5 0.10576923076923078 1.0
42 0.2403846153846154 0.5 0.10576923076923078 1.0
53 0.33653846153846156 0.5 0.10576923076923078 1.0
64 0.46153846153846156 0.5 0.16923076923076924 1.0
44 0.5865384615384617 0.5 0.10576923076923078 1.0
48 0.6826923076923078 0.5 0.10576923076923078 1.0
61 0.7692307692307693 0.5 0.08461538461538462 1.0
44 0.8557692307692308 0.5 0.10576923076923078 1.0
43 0.9471153846153846 0.5 0.10576923076923078 1.0
