63 0.03987341772151899 0.5 0.07974683544303798 1.0
49 0.12341772151898735 0.5 0.10443037974683546 1.0
60 0.20886075949367092 0.5 0.08354430379746837 1.0
61 0.2848101265822785 0.5 0.08354430379746837 1.0
46 0.370253164556962 0.5 0.10443037974683546 1.0
42 0.46518987341772156 0.5 0.10443037974683546 1.0
49 0.5601265822784811 0.5 0.10443037974683546 1.0
64 0.6835443037974683 0.5 0.16708860759493674 1.0
58 0.7848101265822786 0.5 0.055696202531645575 1.0
48 0.8575949367088608 0.5 0.10443037974683546 1.0
45 0.9477848101265822 0.5 0.10443037974683546 1.0
