42 0.03547297297297298 0.5 0.07094594594594596 1.0
46 0.10135135135135136 0.5 0.07432432432432433 1.0
60 0.16216216216216217 0.5 0.05945945945945947 1.0
56 0.22297297297297297 0.5 0.07432432432432433 1.0
52 0.29054054054054057 0.5 0.07432432432432433 1.0
40 0.3581081081081081 0.5 0.07432432432432433 1.0
48 0.42567567567567566 0.5 0.07432432432432433 1.0
61 0.4864864864864865 0.5 0.05945945945945947 1.0
46 0.5472972972972974 0.5 0.07432432432432433 1.0
44 0.6148648648648649 0.5 0.07432432432432433 1.0
64 0.7027027027027027 0.5 0.11891891891891894 1.0
53 0.7905405405405406 0.5 0.07432432432432433 1.0
64 0.8783783783783784 0.5 0.11891891891891894 1.0
52 0.9628378378378378 0.5 0.07432432432432433 1.0
