18 0.07892156862745098 0.5 0.15784313725490196 1.0
58 0.1764705882352941 0.5 0.05751633986928105 1.0
60 0.24183006535947713 0.5 0.08627450980392158 1.0
52 0.3300653594771242 0.5 0.10784313725490197 1.0
61 0.4183006535947712 0.5 0.08627450980392158 1.0
37 0.5065359477124183 0.5 0.10784313725490197 1.0
42 0.6045751633986929 0.5 0.10784313725490197 1.0
59 0.6797385620915033 0.5 0.05751633986928105 1.0
40 0.7549019607843137 0.5 0.10784313725490197 1.0
52 0.8529411764705883 0.5 0.10784313725490197 1.0
52 0.946078431372549 0.5 0.10784313725490197 1.0
