58 0.03134328358208955 0.5 0.0626865671641791 1.0
48 0.11567164179104478 0.5 0.12313432835820896 1.0
52 0.22761194029850745 0.5 0.12313432835820896 1.0
61 0.3283582089552239 0.5 0.09850746268656717 1.0
60 0.41791044776119407 0.5 0.09850746268656717 1.0
53 0.5186567164179104 0.5 0.12313432835820896 1.0
42 0.6305970149253731 0.5 0.12313432835820896 1.0
61 0.7313432835820896 0.5 0.09850746268656717 1.0
44 0.832089552238806 0.5 0.12313432835820896 1.0
43 0.9384328358208955 0.5 0.12313432835820896 1.0
