42 0.05545774647887324 0.5 0.11091549295774648 1.0
44 0.15845070422535212 0.5 0.11619718309859156 1.0
60 0.2535211267605634 0.5 0.09295774647887324 1.0
44 0.3485915492957746 0.5 0.11619718309859156 1.0
64 0.4859154929577465 0.5 0.18591549295774648 1.0
49 0.6232394366197184 0.5 0.11619718309859156 1.0
48 0.7288732394366197 0.5 0.11619718309859156 1.0
58 0.8098591549295774 0.5 0.0619718309859155 1.0
40 0.8908450704225352 0.5 0.11619718309859156 1.0
59 0.9690140845070423 0.5 0.0619718309859155 1.0
