53 0.04632352941176471 0.5 0.09264705882352942 1.0
48 0.1323529411764706 0.5 0.09705882352941178 1.0
52 0.22058823529411767 0.5 0.09705882352941178 1.0
42 0.3088235294117647 0.5 0.09705882352941178 1.0
60 0.38823529411764707 0.5 0.07764705882352942 1.0
53 0.46764705882352947 0.5 0.09705882352941178 1.0
50 0.5558823529411765 0.5 0.09705882352941178 1.0
53 0.6441176470588236 0.5 0.09705882352941178 1.0
59 0.711764705882353 0.5 0.05176470588235294 1.0
49 0.7794117647058824 0.5 0.09705882352941178 1.0
53 0.8676470588235294 0.5 0.09705882352941178 1.0
52 0.9514705882352941 0.5 0.09705882352941178 1.0
