5 0.046052631578947366 0.5 0.09210526315789473 1.0
3 0.13157894736842105 0.5 0.09649122807017545 1.0
61 0.21052631578947367 0.5 0.07719298245614035 1.0
46 0.2894736842105263 0.5 0.09649122807017545 1.0
37 0.3771929824561403 0.5 0.09649122807017545 1.0
42 0.4649122807017544 0.5 0.09649122807017545 1.0
44 0.5526315789473685 0.5 0.09649122807017545 1.0
48 0.6403508771929824 0.5 0.09649122807017545 1.0
61 0.719298245614035 0.5 0.07719298245614035 1.0
53 0.7982456140350876 0.5 0.09649122807017545 1.0
60 0.8771929824561403 0.5 0.07719298245614035 1.0
56 0.9517543859649122 0.5 0.09649122807017545 1.0
