20 0.06256476683937824 0.5 0.12512953367875648 1.0
40 0.15803108808290156 0.5 0.08549222797927461 1.0
64 0.25906735751295334 0.5 0.1367875647668394 1.0
64 0.38341968911917096 0.5 0.1367875647668394 1.0
40 0.48445595854922274 0.5 0.08549222797927461 1.0
60 0.5544041450777202 0.5 0.0683937823834197 1.0
52 0.6243523316062176 0.5 0.08549222797927461 1.0
47 0.7020725388601037 0.5 0.08549222797927461 1.0
62 0.772020725388601 0.5 0.0683937823834197 1.0
49 0.8419689119170984 0.5 0.08549222797927461 1.0
59 0.9015544041450777 0.5 0.0455958549222798 1.0
43 0.9572538860103627 0.5 0.08549222797927461 1.0
