52 0.04831288343558282 0.5 0.09662576687116564 1.0
58 0.1165644171779141 0.5 0.0539877300613497 1.0
48 0.1871165644171779 0.5 0.10122699386503067 1.0
45 0.2791411042944785 0.5 0.10122699386503067 1.0
59 0.34969325153374237 0.5 0.0539877300613497 1.0
44 0.42024539877300615 0.5 0.10122699386503067 1.0
37 0.5122699386503067 0.5 0.10122699386503067 1.0
52 0.6042944785276073 0.5 0.10122699386503067 1.0
46 0.696319018404908 0.5 0.10122699386503067 1.0
44 0.7883435582822085 0.5 0.10122699386503067 1.0
44 0.8803680981595091 0.5 0.10122699386503067 1.0
61 0.9595092024539877 0.5 0.08098159509202456 1.0
