40 0.03879310344827587 0.5 0.07758620689655174 1.0
42 0.11083743842364532 0.5 0.08128078817733991 1.0
42 0.1847290640394089 0.5 0.08128078817733991 1.0
49 0.25862068965517243 0.5 0.08128078817733991 1.0
64 0.35467980295566504 0.5 0.13004926108374384 1.0
64 0.47290640394088673 0.5 0.13004926108374384 1.0
49 0.5689655172413793 0.5 0.08128078817733991 1.0
43 0.6428571428571429 0.5 0.08128078817733991 1.0
40 0.7167487684729065 0.5 0.08128078817733991 1.0
61 0.7832512315270936 0.5 0.06502463054187192 1.0
58 0.8325123152709359 0.5 0.043349753694581286 1.0
48 0.8891625615763548 0.5 0.08128078817733991 1.0
45 0.9593596059113301 0.5 0.08128078817733991 1.0
