42 0.05015923566878981 0.5 0.10031847133757962 1.0
49 0.14331210191082805 0.5 0.1050955414012739 1.0
64 0.267515923566879 0.5 0.16815286624203823 1.0
50 0.39171974522292996 0.5 0.1050955414012739 1.0
49 0.4872611464968153 0.5 0.1050955414012739 1.0
52 0.5828025477707006 0.5 0.1050955414012739 1.0
58 0.6560509554140128 0.5 0.05605095541401275 1.0
61 0.7197452229299364 0.5 0.08407643312101912 1.0
58 0.7834394904458599 0.5 0.05605095541401275 1.0
49 0.856687898089172 0.5 0.1050955414012739 1.0
48 0.947452229299363 0.5 0.1050955414012739 1.0
