60 0.03641618497109826 0.5 0.07283236994219652 1.0
44 0.11271676300578035 0.5 0.09537572254335261 1.0
51 0.19942196531791906 0.5 0.09537572254335261 1.0
53 0.2861271676300578 0.5 0.09537572254335261 1.0
58 0.35260115606936415 0.5 0.05086705202312139 1.0
60 0.4104046242774566 0.5 0.07630057803468208 1.0
44 0.4884393063583815 0.5 0.09537572254335261 1.0
64 0.6011560693641618 0.5 0.15260115606936417 1.0
44 0.7138728323699421 0.5 0.09537572254335261 1.0
48 0.8005780346820809 0.5 0.09537572254335261 1.0
61 0.8786127167630057 0.5 0.07630057803468208 1.0
52 0.9523121387283237 0.5 0.09537572254335261 1.0
