50 0.047155688622754495 0.5 0.09431137724550899 1.0
46 0.1347305389221557 0.5 0.09880239520958084 1.0
56 0.2245508982035928 0.5 0.09880239520958084 1.0
52 0.31437125748503 0.5 0.09880239520958084 1.0
58 0.38323353293413176 0.5 0.05269461077844312 1.0
49 0.45209580838323354 0.5 0.09880239520958084 1.0
59 0.5209580838323353 0.5 0.05269461077844312 1.0
49 0.5898203592814371 0.5 0.09880239520958084 1.0
45 0.6796407185628742 0.5 0.09880239520958084 1.0
58 0.7485029940119761 0.5 0.05269461077844312 1.0
42 0.8173652694610778 0.5 0.09880239520958084 1.0
40 0.907185628742515 0.5 0.09880239520958084 1.0
59 0.9736526946107784 0.5 0.05269461077844312 1.0
