42 0.04801829268292683 0.5 0.09603658536585366 1.0
49 0.13719512195121952 0.5 0.10060975609756098 1.0
64 0.25609756097560976 0.5 0.16097560975609757 1.0
50 0.37499999999999994 0.5 0.10060975609756098 1.0
40 0.4664634146341463 0.5 0.10060975609756098 1.0
60 0.5487804878048781 0.5 0.08048780487804878 1.0
58 0.6097560975609756 0.5 0.05365853658536586 1.0
52 0.6798780487804879 0.5 0.10060975609756098 1.0
49 0.7713414634146342 0.5 0.10060975609756098 1.0
48 0.8628048780487805 0.5 0.10060975609756098 1.0
52 0.9496951219512195 0.5 0.10060975609756098 1.0
