42 0.05147058823529412 0.5 0.10294117647058824 1.0
49 0.14705882352941177 0.5 0.10784313725490197 1.0
48 0.24509803921568626 0.5 0.10784313725490197 1.0
42 0.3431372549019608 0.5 0.10784313725490197 1.0
58 0.41830065359477125 0.5 0.05751633986928105 1.0
59 0.47058823529411764 0.5 0.05751633986928105 1.0
58 0.5228758169934641 0.5 0.05751633986928105 1.0
40 0.5980392156862746 0.5 0.10784313725490197 1.0
61 0.6862745098039216 0.5 0.08627450980392158 1.0
49 0.7745098039215687 0.5 0.10784313725490197 1.0
60 0.8627450980392156 0.5 0.08627450980392158 1.0
52 0.946078431372549 0.5 0.10784313725490197 1.0
