52 0.05506993006993007 0.5 0.11013986013986014 1.0
61 0.14685314685314685 0.5 0.09230769230769231 1.0
60 0.23076923076923075 0.5 0.09230769230769231 1.0
58 0.3006993006993007 0.5 0.06153846153846154 1.0
63 0.3706293706293707 0.5 0.09230769230769231 1.0
44 0.46503496503496505 0.5 0.11538461538461539 1.0
37 0.56993006993007 0.5 0.11538461538461539 1.0
61 0.6643356643356644 0.5 0.09230769230769231 1.0
49 0.7587412587412588 0.5 0.11538461538461539 1.0
60 0.8531468531468532 0.5 0.09230769230769231 1.0
48 0.9423076923076923 0.5 0.11538461538461539 1.0
