38 0.08639240506329114 0.5 0.17278481012658228 1.0
40 0.2120253164556962 0.5 0.10443037974683546 1.0
43 0.30696202531645567 0.5 0.10443037974683546 1.0
40 0.4018987341772152 0.5 0.10443037974683546 1.0
45 0.49683544303797467 0.5 0.10443037974683546 1.0
40 0.5917721518987342 0.5 0.10443037974683546 1.0
52 0.6867088607594938 0.5 0.10443037974683546 1.0
42 0.7816455696202532 0.5 0.10443037974683546 1.0
40 0.8765822784810127 0.5 0.10443037974683546 1.0
60 0.9582278481012658 0.5 0.08354430379746837 1.0
