41 0.04017857142857143 0.5 0.08035714285714286 1.0
60 0.10714285714285715 0.5 0.0673469387755102 1.0
49 0.1760204081632653 0.5 0.08418367346938777 1.0
61 0.2448979591836735 0.5 0.0673469387755102 1.0
46 0.3137755102040816 0.5 0.08418367346938777 1.0
44 0.3903061224489796 0.5 0.08418367346938777 1.0
60 0.45918367346938777 0.5 0.0673469387755102 1.0
37 0.5280612244897959 0.5 0.08418367346938777 1.0
58 0.5867346938775511 0.5 0.044897959183673466 1.0
48 0.645408163265306 0.5 0.08418367346938777 1.0
37 0.721938775510204 0.5 0.08418367346938777 1.0
59 0.7806122448979592 0.5 0.044897959183673466 1.0
40 0.8392857142857142 0.5 0.08418367346938777 1.0
65 0.9326530612244898 0.5 0.1346938775510204 1.0
