61 0.041176470588235294 0.5 0.08235294117647059 1.0
58 0.10457516339869281 0.5 0.05751633986928105 1.0
45 0.17973856209150327 0.5 0.10784313725490197 1.0
46 0.2777777777777778 0.5 0.10784313725490197 1.0
61 0.36601307189542487 0.5 0.08627450980392158 1.0
37 0.4542483660130719 0.5 0.10784313725490197 1.0
59 0.5294117647058824 0.5 0.05751633986928105 1.0
58 0.5816993464052288 0.5 0.05751633986928105 1.0
50 0.6568627450980392 0.5 0.10784313725490197 1.0
50 0.7549019607843138 0.5 0.10784313725490197 1.0
44 0.8529411764705883 0.5 0.10784313725490197 1.0
43 0.946078431372549 0.5 0.10784313725490197 1.0
