46 0.05180921052631579 0.5 0.10361842105263158 1.0
49 0.14802631578947367 0.5 0.10855263157894737 1.0
53 0.2467105263157895 0.5 0.10855263157894737 1.0
52 0.34539473684210525 0.5 0.10855263157894737 1.0
44 0.4440789473684211 0.5 0.10855263157894737 1.0
65 0.5723684210526316 0.5 0.1736842105263158 1.0
58 0.6776315789473684 0.5 0.05789473684210526 1.0
54 0.7532894736842105 0.5 0.10855263157894737 1.0
44 0.8519736842105262 0.5 0.10855263157894737 1.0
52 0.9457236842105263 0.5 0.10855263157894737 1.0
