41 0.05431034482758621 0.5 0.10862068965517242 1.0
44 0.15517241379310345 0.5 0.11379310344827587 1.0
52 0.25862068965517243 0.5 0.11379310344827587 1.0
61 0.3517241379310345 0.5 0.0910344827586207 1.0
37 0.44482758620689655 0.5 0.11379310344827587 1.0
52 0.5482758620689655 0.5 0.11379310344827587 1.0
44 0.6517241379310345 0.5 0.11379310344827587 1.0
59 0.7310344827586206 0.5 0.0606896551724138 1.0
59 0.7862068965517242 0.5 0.0606896551724138 1.0
44 0.8655172413793103 0.5 0.11379310344827587 1.0
60 0.9544827586206897 0.5 0.0910344827586207 1.0
