42 0.06402439024390244 0.5 0.12804878048780488 1.0
49 0.18292682926829268 0.5 0.13414634146341464 1.0
60 0.2926829268292683 0.5 0.10731707317073172 1.0
43 0.40243902439024387 0.5 0.13414634146341464 1.0
58 0.4959349593495935 0.5 0.07154471544715449 1.0
40 0.589430894308943 0.5 0.13414634146341464 1.0
59 0.6829268292682926 0.5 0.07154471544715449 1.0
58 0.7479674796747967 0.5 0.07154471544715449 1.0
61 0.8292682926829269 0.5 0.10731707317073172 1.0
56 0.9329268292682926 0.5 0.13414634146341464 1.0
