50 0.05393835616438356 0.5 0.10787671232876712 1.0
60 0.14383561643835616 0.5 0.09041095890410959 1.0
49 0.2363013698630137 0.5 0.113013698630137 1.0
50 0.3390410958904109 0.5 0.113013698630137 1.0
60 0.4315068493150685 0.5 0.09041095890410959 1.0
58 0.5 0.5 0.06027397260273973 1.0
44 0.5787671232876712 0.5 0.113013698630137 1.0
61 0.6712328767123288 0.5 0.09041095890410959 1.0
49 0.7636986301369862 0.5 0.113013698630137 1.0
60 0.8561643835616437 0.5 0.09041095890410959 1.0
52 0.9434931506849316 0.5 0.113013698630137 1.0
