50 0.05921052631578947 0.5 0.11842105263157894 1.0
60 0.15789473684210525 0.5 0.09924812030075188 1.0
49 0.2593984962406015 0.5 0.12406015037593986 1.0
43 0.3721804511278195 0.5 0.12406015037593986 1.0
58 0.45864661654135336 0.5 0.0661654135338346 1.0
45 0.5451127819548872 0.5 0.12406015037593986 1.0
58 0.631578947368421 0.5 0.0661654135338346 1.0
49 0.7180451127819548 0.5 0.12406015037593986 1.0
53 0.8308270676691728 0.5 0.12406015037593986 1.0
52 0.9379699248120301 0.5 0.12406015037593986 1.0
