50 0.04256756756756757 0.5 0.08513513513513514 1.0
60 0.11351351351351352 0.5 0.07135135135135136 1.0
44 0.1864864864864865 0.5 0.08918918918918921 1.0
37 0.2675675675675676 0.5 0.08918918918918921 1.0
42 0.34864864864864864 0.5 0.08918918918918921 1.0
49 0.4297297297297298 0.5 0.08918918918918921 1.0
48 0.5108108108108108 0.5 0.08918918918918921 1.0
42 0.591891891891892 0.5 0.08918918918918921 1.0
44 0.672972972972973 0.5 0.08918918918918921 1.0
58 0.7351351351351352 0.5 0.047567567567567574 1.0
54 0.7972972972972974 0.5 0.08918918918918921 1.0
44 0.8783783783783785 0.5 0.08918918918918921 1.0
43 0.9554054054054054 0.5 0.08918918918918921 1.0
