42 0.05665467625899281 0.5 0.11330935251798561 1.0
44 0.1618705035971223 0.5 0.11870503597122302 1.0
60 0.2589928057553957 0.5 0.09496402877697843 1.0
61 0.34532374100719426 0.5 0.09496402877697843 1.0
58 0.4172661870503597 0.5 0.06330935251798563 1.0
63 0.4892086330935252 0.5 0.09496402877697843 1.0
58 0.5611510791366907 0.5 0.06330935251798563 1.0
42 0.6438848920863309 0.5 0.11870503597122302 1.0
40 0.7517985611510791 0.5 0.11870503597122302 1.0
61 0.8489208633093525 0.5 0.09496402877697843 1.0
44 0.9406474820143885 0.5 0.11870503597122302 1.0
