44 0.053209459459459464 0.5 0.10641891891891893 1.0
55 0.15202702702702703 0.5 0.1114864864864865 1.0
50 0.2533783783783784 0.5 0.1114864864864865 1.0
59 0.3310810810810811 0.5 0.05945945945945947 1.0
40 0.40878378378378377 0.5 0.1114864864864865 1.0
48 0.5101351351351352 0.5 0.1114864864864865 1.0
40 0.6114864864864865 0.5 0.1114864864864865 1.0
61 0.7027027027027027 0.5 0.08918918918918921 1.0
58 0.7702702702702704 0.5 0.05945945945945947 1.0
49 0.847972972972973 0.5 0.1114864864864865 1.0
48 0.9442567567567568 0.5 0.1114864864864865 1.0
