61 0.03772455089820359 0.5 0.07544910179640718 1.0
58 0.09580838323353294 0.5 0.05269461077844312 1.0
42 0.16467065868263472 0.5 0.09880239520958084 1.0
47 0.25449101796407186 0.5 0.09880239520958084 1.0
44 0.34431137724550903 0.5 0.09880239520958084 1.0
61 0.4251497005988024 0.5 0.07904191616766468 1.0
37 0.5059880239520957 0.5 0.09880239520958084 1.0
50 0.5958083832335329 0.5 0.09880239520958084 1.0
53 0.6856287425149701 0.5 0.09880239520958084 1.0
48 0.7754491017964071 0.5 0.09880239520958084 1.0
42 0.8652694610778443 0.5 0.09880239520958084 1.0
46 0.9505988023952096 0.5 0.09880239520958084 1.0
