38 0.08374233128834356 0.5 0.16748466257668712 1.0
44 0.20552147239263802 0.5 0.10122699386503067 1.0
42 0.29754601226993865 0.5 0.10122699386503067 1.0
46 0.3895705521472393 0.5 0.10122699386503067 1.0
40 0.4815950920245399 0.5 0.10122699386503067 1.0
48 0.5736196319018404 0.5 0.10122699386503067 1.0
58 0.6441717791411042 0.5 0.0539877300613497 1.0
52 0.7147239263803681 0.5 0.10122699386503067 1.0
64 0.8343558282208589 0.5 0.16196319018404912 1.0
52 0.9493865030674846 0.5 0.10122699386503067 1.0
