60 0.03333333333333333 0.5 0.06666666666666667 1.0
44 0.10317460317460317 0.5 0.08730158730158731 1.0
42 0.18253968253968253 0.5 0.08730158730158731 1.0
60 0.25396825396825395 0.5 0.06984126984126984 1.0
58 0.30687830687830686 0.5 0.04656084656084656 1.0
64 0.3915343915343915 0.5 0.13968253968253969 1.0
58 0.47619047619047616 0.5 0.04656084656084656 1.0
48 0.537037037037037 0.5 0.08730158730158731 1.0
40 0.6164021164021164 0.5 0.08730158730158731 1.0
61 0.6878306878306878 0.5 0.06984126984126984 1.0
58 0.7407407407407407 0.5 0.04656084656084656 1.0
49 0.8015873015873015 0.5 0.08730158730158731 1.0
48 0.8809523809523808 0.5 0.08730158730158731 1.0
52 0.9563492063492064 0.5 0.08730158730158731 1.0
