44 0.058768656716417914 0.5 0.11753731343283583 1.0
59 0.1417910447761194 0.5 0.06567164179104477 1.0
44 0.22761194029850745 0.5 0.12313432835820896 1.0
42 0.33955223880597013 0.5 0.12313432835820896 1.0
61 0.4402985074626866 0.5 0.09850746268656717 1.0
49 0.541044776119403 0.5 0.12313432835820896 1.0
60 0.6417910447761195 0.5 0.09850746268656717 1.0
40 0.7425373134328358 0.5 0.12313432835820896 1.0
61 0.8432835820895522 0.5 0.09850746268656717 1.0
44 0.9384328358208955 0.5 0.12313432835820896 1.0
