44 0.05506993006993007 0.5 0.11013986013986014 1.0
51 0.15734265734265734 0.5 0.11538461538461539 1.0
53 0.26223776223776224 0.5 0.11538461538461539 1.0
58 0.34265734265734266 0.5 0.06153846153846154 1.0
59 0.3986013986013986 0.5 0.06153846153846154 1.0
58 0.45454545454545453 0.5 0.06153846153846154 1.0
41 0.534965034965035 0.5 0.11538461538461539 1.0
60 0.6293706293706294 0.5 0.09230769230769231 1.0
58 0.6993006993006994 0.5 0.06153846153846154 1.0
53 0.7797202797202798 0.5 0.11538461538461539 1.0
64 0.9076923076923077 0.5 0.18461538461538463 1.0
