52 0.060114503816793896 0.5 0.12022900763358779 1.0
53 0.1717557251908397 0.5 0.12595419847328246 1.0
58 0.2595419847328244 0.5 0.06717557251908397 1.0
61 0.33587786259541985 0.5 0.10076335877862597 1.0
40 0.4389312977099236 0.5 0.12595419847328246 1.0
41 0.5534351145038168 0.5 0.12595419847328246 1.0
58 0.6412213740458016 0.5 0.06717557251908397 1.0
59 0.7022900763358779 0.5 0.06717557251908397 1.0
58 0.7633587786259542 0.5 0.06717557251908397 1.0
61 0.8396946564885496 0.5 0.10076335877862597 1.0
56 0.9370229007633588 0.5 0.12595419847328246 1.0
