40 0.05431034482758621 0.5 0.10862068965517242 1.0
48 0.15517241379310345 0.5 0.11379310344827587 1.0
61 0.2482758620689655 0.5 0.0910344827586207 1.0
58 0.31724137931034485 0.5 0.0606896551724138 1.0
37 0.39655172413793105 0.5 0.11379310344827587 1.0
23 0.5275862068965518 0.5 0.17448275862068968 1.0
44 0.6586206896551724 0.5 0.11379310344827587 1.0
45 0.7620689655172413 0.5 0.11379310344827587 1.0
60 0.8551724137931034 0.5 0.0910344827586207 1.0
49 0.943103448275862 0.5 0.11379310344827587 1.0
