42 0.05706521739130435 0.5 0.1141304347826087 1.0
58 0.13768115942028986 0.5 0.063768115942029 1.0
60 0.21014492753623187 0.5 0.09565217391304348 1.0
42 0.30797101449275366 0.5 0.11956521739130435 1.0
53 0.4166666666666667 0.5 0.11956521739130435 1.0
59 0.5 0.5 0.063768115942029 1.0
40 0.5833333333333334 0.5 0.11956521739130435 1.0
61 0.681159420289855 0.5 0.09565217391304348 1.0
58 0.7536231884057971 0.5 0.063768115942029 1.0
49 0.8369565217391305 0.5 0.11956521739130435 1.0
48 0.9402173913043478 0.5 0.11956521739130435 1.0
