49 0.04831288343558282 0.5 0.09662576687116564 1.0
54 0.1380368098159509 0.5 0.10122699386503067 1.0
44 0.23006134969325154 0.5 0.10122699386503067 1.0
60 0.31288343558282206 0.5 0.08098159509202456 1.0
37 0.39570552147239263 0.5 0.10122699386503067 1.0
58 0.46625766871165647 0.5 0.0539877300613497 1.0
48 0.5368098159509203 0.5 0.10122699386503067 1.0
43 0.6288343558282208 0.5 0.10122699386503067 1.0
53 0.7208588957055214 0.5 0.10122699386503067 1.0
59 0.7914110429447853 0.5 0.0539877300613497 1.0
45 0.861963190184049 0.5 0.10122699386503067 1.0
44 0.9493865030674846 0.5 0.10122699386503067 1.0
