58 0.0302158273381295 0.5 0.060431654676259 1.0
48 0.11151079136690648 0.5 0.11870503597122302 1.0
43 0.21942446043165467 0.5 0.11870503597122302 1.0
58 0.3021582733812949 0.5 0.06330935251798563 1.0
63 0.37410071942446044 0.5 0.09496402877697843 1.0
63 0.460431654676259 0.5 0.09496402877697843 1.0
44 0.5575539568345323 0.5 0.11870503597122302 1.0
60 0.6546762589928057 0.5 0.09496402877697843 1.0
44 0.7517985611510791 0.5 0.11870503597122302 1.0
48 0.8597122302158273 0.5 0.11870503597122302 1.0
61 0.9525179856115108 0.5 0.09496402877697843 1.0
