22 0.07187500000000001 0.5 0.14375000000000002 1.0
58 0.16071428571428573 0.5 0.05238095238095238 1.0
42 0.22916666666666669 0.5 0.09821428571428573 1.0
46 0.318452380952381 0.5 0.09821428571428573 1.0
61 0.39880952380952384 0.5 0.07857142857142857 1.0
44 0.4791666666666667 0.5 0.09821428571428573 1.0
48 0.5684523809523809 0.5 0.09821428571428573 1.0
52 0.6577380952380952 0.5 0.09821428571428573 1.0
61 0.7380952380952381 0.5 0.07857142857142857 1.0
44 0.8184523809523809 0.5 0.09821428571428573 1.0
58 0.886904761904762 0.5 0.05238095238095238 1.0
48 0.9508928571428571 0.5 0.09821428571428573 1.0
