52 0.06454918032786885 0.5 0.1290983606557377 1.0
46 0.1844262295081967 0.5 0.13524590163934427 1.0
58 0.2786885245901639 0.5 0.07213114754098361 1.0
59 0.3442622950819672 0.5 0.07213114754098361 1.0
59 0.40983606557377045 0.5 0.07213114754098361 1.0
44 0.5040983606557377 0.5 0.13524590163934427 1.0
59 0.5983606557377049 0.5 0.07213114754098361 1.0
40 0.6926229508196722 0.5 0.13524590163934427 1.0
45 0.8155737704918032 0.5 0.13524590163934427 1.0
46 0.9323770491803278 0.5 0.13524590163934427 1.0
