64 0.07682926829268293 0.5 0.15365853658536585 1.0
40 0.19207317073170732 0.5 0.10060975609756098 1.0
48 0.28353658536585363 0.5 0.10060975609756098 1.0
49 0.37499999999999994 0.5 0.10060975609756098 1.0
44 0.4664634146341463 0.5 0.10060975609756098 1.0
53 0.5579268292682927 0.5 0.10060975609756098 1.0
54 0.649390243902439 0.5 0.10060975609756098 1.0
60 0.7317073170731707 0.5 0.08048780487804878 1.0
58 0.7926829268292683 0.5 0.05365853658536586 1.0
48 0.8628048780487805 0.5 0.10060975609756098 1.0
45 0.9496951219512195 0.5 0.10060975609756098 1.0
