49 0.038985148514851485 0.5 0.07797029702970297 1.0
54 0.11138613861386137 0.5 0.08168316831683169 1.0
44 0.18564356435643564 0.5 0.08168316831683169 1.0
60 0.2524752475247525 0.5 0.06534653465346535 1.0
37 0.31930693069306926 0.5 0.08168316831683169 1.0
63 0.38613861386138615 0.5 0.06534653465346535 1.0
53 0.45297029702970293 0.5 0.08168316831683169 1.0
60 0.5198019801980198 0.5 0.06534653465346535 1.0
48 0.5866336633663366 0.5 0.08168316831683169 1.0
58 0.6435643564356436 0.5 0.04356435643564357 1.0
52 0.7004950495049505 0.5 0.08168316831683169 1.0
46 0.7747524752475248 0.5 0.08168316831683169 1.0
58 0.8316831683168316 0.5 0.04356435643564357 1.0
48 0.8886138613861386 0.5 0.08168316831683169 1.0
45 0.9591584158415841 0.5 0.08168316831683169 1.0
