52 0.05506993006993007 0.5 0.11013986013986014 1.0
50 0.15734265734265734 0.5 0.11538461538461539 1.0
44 0.26223776223776224 0.5 0.11538461538461539 1.0
44 0.36713286713286714 0.5 0.11538461538461539 1.0
42 0.47202797202797203 0.5 0.11538461538461539 1.0
46 0.5769230769230769 0.5 0.11538461538461539 1.0
59 0.6573426573426574 0.5 0.06153846153846154 1.0
44 0.7377622377622377 0.5 0.11538461538461539 1.0
52 0.8426573426573427 0.5 0.11538461538461539 1.0
52 0.9423076923076923 0.5 0.11538461538461539 1.0
