63 0.04598540145985402 0.5 0.09197080291970804 1.0
40 0.14233576642335766 0.5 0.12043795620437958 1.0
52 0.2518248175182482 0.5 0.12043795620437958 1.0
42 0.3613138686131387 0.5 0.12043795620437958 1.0
58 0.4452554744525548 0.5 0.06423357664233577 1.0
48 0.5291970802919709 0.5 0.12043795620437958 1.0
40 0.6386861313868614 0.5 0.12043795620437958 1.0
61 0.7372262773722629 0.5 0.09635036496350366 1.0
44 0.8357664233576643 0.5 0.12043795620437958 1.0
43 0.9397810218978102 0.5 0.12043795620437958 1.0
