64 0.07455621301775149 0.5 0.14911242603550298 1.0
56 0.1863905325443787 0.5 0.09763313609467456 1.0
52 0.27514792899408286 0.5 0.09763313609467456 1.0
61 0.35502958579881655 0.5 0.07810650887573965 1.0
44 0.4349112426035503 0.5 0.09763313609467456 1.0
60 0.514792899408284 0.5 0.07810650887573965 1.0
58 0.5739644970414202 0.5 0.05207100591715977 1.0
49 0.6420118343195266 0.5 0.09763313609467456 1.0
53 0.7307692307692307 0.5 0.09763313609467456 1.0
52 0.8195266272189349 0.5 0.09763313609467456 1.0
59 0.8875739644970414 0.5 0.05207100591715977 1.0
56 0.9511834319526628 0.5 0.09763313609467456 1.0
