64 0.06494845360824743 0.5 0.12989690721649486 1.0
49 0.16237113402061856 0.5 0.08505154639175258 1.0
48 0.23969072164948454 0.5 0.08505154639175258 1.0
44 0.3170103092783505 0.5 0.08505154639175258 1.0
56 0.39432989690721654 0.5 0.08505154639175258 1.0
37 0.47164948453608246 0.5 0.08505154639175258 1.0
59 0.5309278350515464 0.5 0.04536082474226805 1.0
44 0.5902061855670103 0.5 0.08505154639175258 1.0
48 0.6675257731958762 0.5 0.08505154639175258 1.0
43 0.7448453608247423 0.5 0.08505154639175258 1.0
44 0.8221649484536082 0.5 0.08505154639175258 1.0
60 0.8917525773195877 0.5 0.06804123711340207 1.0
52 0.9574742268041238 0.5 0.08505154639175258 1.0
