42 0.058768656716417914 0.5 0.11753731343283583 1.0
58 0.1417910447761194 0.5 0.06567164179104477 1.0
45 0.22761194029850745 0.5 0.12313432835820896 1.0
40 0.33955223880597013 0.5 0.12313432835820896 1.0
60 0.4402985074626866 0.5 0.09850746268656717 1.0
44 0.541044776119403 0.5 0.12313432835820896 1.0
61 0.6417910447761195 0.5 0.09850746268656717 1.0
61 0.7313432835820896 0.5 0.09850746268656717 1.0
44 0.832089552238806 0.5 0.12313432835820896 1.0
52 0.9384328358208955 0.5 0.12313432835820896 1.0
