53 0.06200787401574803 0.5 0.12401574803149606 1.0
48 0.17716535433070865 0.5 0.1299212598425197 1.0
63 0.28346456692913385 0.5 0.10393700787401576 1.0
40 0.38976377952755903 0.5 0.1299212598425197 1.0
58 0.48031496062992124 0.5 0.06929133858267716 1.0
61 0.5590551181102362 0.5 0.10393700787401576 1.0
46 0.6653543307086615 0.5 0.1299212598425197 1.0
63 0.7716535433070867 0.5 0.10393700787401576 1.0
53 0.8779527559055118 0.5 0.1299212598425197 1.0
59 0.9653543307086614 0.5 0.06929133858267716 1.0
