53 0.05180921052631579 0.5 0.10361842105263158 1.0
48 0.14802631578947367 0.5 0.10855263157894737 1.0
63 0.2368421052631579 0.5 0.0868421052631579 1.0
53 0.3256578947368421 0.5 0.10855263157894737 1.0
60 0.4144736842105263 0.5 0.0868421052631579 1.0
48 0.5032894736842105 0.5 0.10855263157894737 1.0
58 0.5789473684210525 0.5 0.05789473684210526 1.0
52 0.6546052631578947 0.5 0.10855263157894737 1.0
46 0.7532894736842105 0.5 0.10855263157894737 1.0
44 0.8519736842105262 0.5 0.10855263157894737 1.0
43 0.9457236842105263 0.5 0.10855263157894737 1.0
