15 0.0769108280254777 0.5 0.1538216560509554 1.0
49 0.1942675159235669 0.5 0.1050955414012739 1.0
60 0.2802547770700637 0.5 0.08407643312101912 1.0
50 0.3662420382165605 0.5 0.1050955414012739 1.0
49 0.46178343949044587 0.5 0.1050955414012739 1.0
60 0.5477707006369427 0.5 0.08407643312101912 1.0
40 0.6337579617834395 0.5 0.1050955414012739 1.0
61 0.7197452229299364 0.5 0.08407643312101912 1.0
58 0.7834394904458599 0.5 0.05605095541401275 1.0
49 0.856687898089172 0.5 0.1050955414012739 1.0
48 0.947452229299363 0.5 0.1050955414012739 1.0
