42 0.03957286432160804 0.5 0.07914572864321608 1.0
46 0.11306532663316582 0.5 0.0829145728643216 1.0
40 0.18844221105527637 0.5 0.0829145728643216 1.0
60 0.2562814070351759 0.5 0.06633165829145729 1.0
40 0.32412060301507534 0.5 0.0829145728643216 1.0
42 0.3994974874371859 0.5 0.0829145728643216 1.0
61 0.4673366834170854 0.5 0.06633165829145729 1.0
44 0.5351758793969849 0.5 0.0829145728643216 1.0
60 0.6030150753768844 0.5 0.06633165829145729 1.0
58 0.6532663316582914 0.5 0.044221105527638194 1.0
52 0.7110552763819095 0.5 0.0829145728643216 1.0
61 0.778894472361809 0.5 0.06633165829145729 1.0
58 0.829145728643216 0.5 0.044221105527638194 1.0
42 0.8869346733668341 0.5 0.0829145728643216 1.0
52 0.9585427135678392 0.5 0.0829145728643216 1.0
