49 0.035633484162895926 0.5 0.07126696832579185 1.0
65 0.12217194570135746 0.5 0.11945701357466064 1.0
48 0.2104072398190045 0.5 0.0746606334841629 1.0
44 0.27828054298642535 0.5 0.0746606334841629 1.0
60 0.3393665158371041 0.5 0.05972850678733032 1.0
37 0.40045248868778277 0.5 0.0746606334841629 1.0
49 0.4683257918552036 0.5 0.0746606334841629 1.0
42 0.5361990950226244 0.5 0.0746606334841629 1.0
42 0.6040723981900452 0.5 0.0746606334841629 1.0
53 0.671945701357466 0.5 0.0746606334841629 1.0
50 0.7398190045248868 0.5 0.0746606334841629 1.0
58 0.7918552036199095 0.5 0.03981900452488688 1.0
44 0.8438914027149321 0.5 0.0746606334841629 1.0
60 0.9049773755656109 0.5 0.05972850678733032 1.0
52 0.9626696832579186 0.5 0.0746606334841629 1.0
