61 0.04701492537313433 0.5 0.09402985074626866 1.0
60 0.13432835820895522 0.5 0.09850746268656717 1.0
40 0.23507462686567163 0.5 0.12313432835820896 1.0
48 0.34701492537313433 0.5 0.12313432835820896 1.0
52 0.458955223880597 0.5 0.12313432835820896 1.0
50 0.5708955223880597 0.5 0.12313432835820896 1.0
58 0.6567164179104478 0.5 0.06567164179104477 1.0
60 0.7313432835820896 0.5 0.09850746268656717 1.0
44 0.832089552238806 0.5 0.12313432835820896 1.0
43 0.9384328358208955 0.5 0.12313432835820896 1.0
