48 0.04256756756756757 0.5 0.08513513513513514 1.0
44 0.12162162162162163 0.5 0.08918918918918921 1.0
58 0.1837837837837838 0.5 0.047567567567567574 1.0
45 0.24594594594594596 0.5 0.08918918918918921 1.0
46 0.327027027027027 0.5 0.08918918918918921 1.0
41 0.40810810810810816 0.5 0.08918918918918921 1.0
49 0.4891891891891892 0.5 0.08918918918918921 1.0
53 0.5702702702702703 0.5 0.08918918918918921 1.0
60 0.6432432432432432 0.5 0.07135135135135136 1.0
46 0.7162162162162162 0.5 0.08918918918918921 1.0
49 0.7972972972972974 0.5 0.08918918918918921 1.0
49 0.8783783783783785 0.5 0.08918918918918921 1.0
43 0.9554054054054054 0.5 0.08918918918918921 1.0
