42 0.05048076923076924 0.5 0.10096153846153848 1.0
40 0.14423076923076925 0.5 0.10576923076923078 1.0
61 0.23076923076923078 0.5 0.08461538461538462 1.0
40 0.31730769230769235 0.5 0.10576923076923078 1.0
52 0.4134615384615385 0.5 0.10576923076923078 1.0
61 0.5 0.5 0.08461538461538462 1.0
60 0.576923076923077 0.5 0.08461538461538462 1.0
49 0.6634615384615385 0.5 0.10576923076923078 1.0
50 0.7596153846153847 0.5 0.10576923076923078 1.0
46 0.8557692307692308 0.5 0.10576923076923078 1.0
44 0.9471153846153846 0.5 0.10576923076923078 1.0
