44 0.04399441340782123 0.5 0.08798882681564246 1.0
42 0.12569832402234637 0.5 0.09217877094972067 1.0
42 0.2094972067039106 0.5 0.09217877094972067 1.0
59 0.2737430167597765 0.5 0.04916201117318436 1.0
44 0.3379888268156424 0.5 0.09217877094972067 1.0
52 0.4217877094972067 0.5 0.09217877094972067 1.0
58 0.48603351955307256 0.5 0.04916201117318436 1.0
40 0.5502793296089385 0.5 0.09217877094972067 1.0
52 0.6340782122905028 0.5 0.09217877094972067 1.0
61 0.7094972067039106 0.5 0.07374301675977654 1.0
58 0.76536312849162 0.5 0.04916201117318436 1.0
42 0.8296089385474861 0.5 0.09217877094972067 1.0
40 0.9134078212290503 0.5 0.09217877094972067 1.0
59 0.9754189944134078 0.5 0.04916201117318436 1.0
