42 0.03453947368421052 0.5 0.06907894736842105 1.0
49 0.09868421052631579 0.5 0.07236842105263158 1.0
48 0.1644736842105263 0.5 0.07236842105263158 1.0
61 0.2236842105263158 0.5 0.05789473684210526 1.0
44 0.28289473684210525 0.5 0.07236842105263158 1.0
64 0.3684210526315789 0.5 0.11578947368421053 1.0
50 0.4539473684210526 0.5 0.07236842105263158 1.0
49 0.5197368421052632 0.5 0.07236842105263158 1.0
60 0.5789473684210525 0.5 0.05789473684210526 1.0
40 0.6381578947368421 0.5 0.07236842105263158 1.0
48 0.7039473684210527 0.5 0.07236842105263158 1.0
44 0.7697368421052632 0.5 0.07236842105263158 1.0
49 0.8355263157894737 0.5 0.07236842105263158 1.0
53 0.9013157894736842 0.5 0.07236842105263158 1.0
52 0.9638157894736842 0.5 0.07236842105263158 1.0
