25 0.07996688741721855 0.5 0.1599337748344371 1.0
52 0.20198675496688742 0.5 0.10927152317880795 1.0
56 0.30132450331125826 0.5 0.10927152317880795 1.0
42 0.40066225165562913 0.5 0.10927152317880795 1.0
46 0.49999999999999994 0.5 0.10927152317880795 1.0
49 0.5993377483443708 0.5 0.10927152317880795 1.0
59 0.6754966887417219 0.5 0.05827814569536424 1.0
49 0.7516556291390728 0.5 0.10927152317880795 1.0
45 0.8509933774834437 0.5 0.10927152317880795 1.0
56 0.945364238410596 0.5 0.10927152317880795 1.0
