20 0.065625 0.5 0.13125 1.0
49 0.1657608695652174 0.5 0.08967391304347827 1.0
64 0.2717391304347826 0.5 0.14347826086956522 1.0
44 0.37771739130434784 0.5 0.08967391304347827 1.0
37 0.4592391304347826 0.5 0.08967391304347827 1.0
64 0.5652173913043478 0.5 0.14347826086956522 1.0
40 0.6711956521739131 0.5 0.08967391304347827 1.0
47 0.7527173913043478 0.5 0.08967391304347827 1.0
58 0.8152173913043478 0.5 0.04782608695652174 1.0
48 0.8777173913043478 0.5 0.08967391304347827 1.0
45 0.9551630434782609 0.5 0.08967391304347827 1.0
