38 0.05074349442379183 0.5 0.10148698884758366 1.0
40 0.12453531598513012 0.5 0.06133828996282528 1.0
60 0.17472118959107805 0.5 0.04907063197026022 1.0
60 0.21933085501858735 0.5 0.04907063197026022 1.0
58 0.25650557620817843 0.5 0.03271375464684015 1.0
40 0.29925650557620814 0.5 0.06133828996282528 1.0
45 0.3550185873605948 0.5 0.06133828996282528 1.0
44 0.4107806691449814 0.5 0.06133828996282528 1.0
37 0.466542750929368 0.5 0.06133828996282528 1.0
19 0.5371747211895911 0.5 0.09405204460966543 1.0
49 0.6078066914498141 0.5 0.06133828996282528 1.0
37 0.6635687732342007 0.5 0.06133828996282528 1.0
27 0.7342007434944238 0.5 0.09405204460966543 1.0
49 0.8048327137546468 0.5 0.06133828996282528 1.0
53 0.8605947955390335 0.5 0.06133828996282528 1.0
48 0.9163568773234201 0.5 0.06133828996282528 1.0
43 0.9693308550185874 0.5 0.06133828996282528 1.0
