41 0.05506993006993007 0.5 0.11013986013986014 1.0
53 0.15734265734265734 0.5 0.11538461538461539 1.0
52 0.26223776223776224 0.5 0.11538461538461539 1.0
58 0.34265734265734266 0.5 0.06153846153846154 1.0
48 0.4230769230769231 0.5 0.11538461538461539 1.0
44 0.5279720279720279 0.5 0.11538461538461539 1.0
52 0.6328671328671329 0.5 0.11538461538461539 1.0
52 0.7377622377622377 0.5 0.11538461538461539 1.0
44 0.8426573426573427 0.5 0.11538461538461539 1.0
52 0.9423076923076923 0.5 0.11538461538461539 1.0
