53 0.060576923076923084 0.5 0.12115384615384617 1.0
48 0.17307692307692307 0.5 0.12692307692307694 1.0
58 0.26153846153846155 0.5 0.0676923076923077 1.0
54 0.35000000000000003 0.5 0.12692307692307694 1.0
44 0.4653846153846154 0.5 0.12692307692307694 1.0
60 0.5692307692307692 0.5 0.10153846153846155 1.0
52 0.6730769230769231 0.5 0.12692307692307694 1.0
58 0.7615384615384616 0.5 0.0676923076923077 1.0
61 0.8384615384615386 0.5 0.10153846153846155 1.0
56 0.9365384615384615 0.5 0.12692307692307694 1.0
