58 0.02608695652173913 0.5 0.05217391304347826 1.0
48 0.09627329192546583 0.5 0.10248447204968944 1.0
52 0.18944099378881987 0.5 0.10248447204968944 1.0
61 0.2732919254658385 0.5 0.08198757763975156 1.0
58 0.3354037267080745 0.5 0.0546583850931677 1.0
48 0.40683229813664595 0.5 0.10248447204968944 1.0
42 0.49999999999999994 0.5 0.10248447204968944 1.0
61 0.5838509316770185 0.5 0.08198757763975156 1.0
58 0.6459627329192547 0.5 0.0546583850931677 1.0
54 0.717391304347826 0.5 0.10248447204968944 1.0
44 0.8105590062111802 0.5 0.10248447204968944 1.0
59 0.8819875776397516 0.5 0.0546583850931677 1.0
56 0.9487577639751553 0.5 0.10248447204968944 1.0
