16 0.05439189189189189 0.5 0.10878378378378378 1.0
35 0.13738738738738737 0.5 0.07432432432432433 1.0
28 0.22297297297297297 0.5 0.11396396396396397 1.0
13 0.32657657657657657 0.5 0.11396396396396397 1.0
25 0.4301801801801802 0.5 0.11396396396396397 1.0
25 0.5337837837837838 0.5 0.11396396396396397 1.0
17 0.6373873873873874 0.5 0.11396396396396397 1.0
13 0.740990990990991 0.5 0.11396396396396397 1.0
27 0.8445945945945946 0.5 0.11396396396396397 1.0
28 0.943018018018018 0.5 0.11396396396396397 1.0
