61 0.04666666666666667 0.5 0.09333333333333334 1.0
53 0.14444444444444443 0.5 0.12222222222222223 1.0
61 0.24444444444444446 0.5 0.09777777777777778 1.0
37 0.34444444444444444 0.5 0.12222222222222223 1.0
61 0.4444444444444445 0.5 0.09777777777777778 1.0
53 0.5444444444444444 0.5 0.12222222222222223 1.0
61 0.6444444444444444 0.5 0.09777777777777778 1.0
61 0.7333333333333333 0.5 0.09777777777777778 1.0
44 0.8333333333333334 0.5 0.12222222222222223 1.0
43 0.9388888888888889 0.5 0.12222222222222223 1.0
