46 0.04399441340782123 0.5 0.08798882681564246 1.0
58 0.10614525139664804 0.5 0.04916201117318436 1.0
45 0.17039106145251398 0.5 0.09217877094972067 1.0
46 0.2541899441340782 0.5 0.09217877094972067 1.0
37 0.3379888268156424 0.5 0.09217877094972067 1.0
42 0.4217877094972067 0.5 0.09217877094972067 1.0
60 0.4972067039106145 0.5 0.07374301675977654 1.0
49 0.5726256983240223 0.5 0.09217877094972067 1.0
65 0.6815642458100559 0.5 0.14748603351955308 1.0
48 0.7905027932960894 0.5 0.09217877094972067 1.0
44 0.8743016759776536 0.5 0.09217877094972067 1.0
43 0.9539106145251397 0.5 0.09217877094972067 1.0
