42 0.0412303664921466 0.5 0.0824607329842932 1.0
58 0.09947643979057591 0.5 0.04607329842931938 1.0
60 0.1518324607329843 0.5 0.06910994764397906 1.0
42 0.2225130890052356 0.5 0.08638743455497383 1.0
53 0.3010471204188482 0.5 0.08638743455497383 1.0
64 0.4031413612565445 0.5 0.1382198952879581 1.0
52 0.5052356020942408 0.5 0.08638743455497383 1.0
61 0.5759162303664922 0.5 0.06910994764397906 1.0
40 0.6465968586387434 0.5 0.08638743455497383 1.0
48 0.725130890052356 0.5 0.08638743455497383 1.0
42 0.8036649214659686 0.5 0.08638743455497383 1.0
44 0.882198952879581 0.5 0.08638743455497383 1.0
52 0.9568062827225131 0.5 0.08638743455497383 1.0
