60 0.049606299212598425 0.5 0.09921259842519685 1.0
44 0.15354330708661418 0.5 0.1299212598425197 1.0
61 0.25984251968503935 0.5 0.10393700787401576 1.0
60 0.35433070866141736 0.5 0.10393700787401576 1.0
58 0.4330708661417323 0.5 0.06929133858267716 1.0
44 0.5236220472440944 0.5 0.1299212598425197 1.0
54 0.6417322834645669 0.5 0.1299212598425197 1.0
58 0.7322834645669292 0.5 0.06929133858267716 1.0
48 0.8228346456692913 0.5 0.1299212598425197 1.0
45 0.9350393700787402 0.5 0.1299212598425197 1.0
