61 0.030434782608695653 0.5 0.06086956521739131 1.0
58 0.07729468599033816 0.5 0.04251207729468599 1.0
42 0.13285024154589373 0.5 0.07971014492753624 1.0
47 0.20531400966183574 0.5 0.07971014492753624 1.0
44 0.2777777777777778 0.5 0.07971014492753624 1.0
61 0.34299516908212563 0.5 0.063768115942029 1.0
37 0.4082125603864734 0.5 0.07971014492753624 1.0
42 0.4806763285024155 0.5 0.07971014492753624 1.0
49 0.5531400966183575 0.5 0.07971014492753624 1.0
59 0.6086956521739131 0.5 0.04251207729468599 1.0
59 0.6473429951690821 0.5 0.04251207729468599 1.0
44 0.7028985507246377 0.5 0.07971014492753624 1.0
42 0.7753623188405798 0.5 0.07971014492753624 1.0
61 0.8405797101449276 0.5 0.063768115942029 1.0
49 0.9057971014492754 0.5 0.07971014492753624 1.0
60 0.9681159420289855 0.5 0.063768115942029 1.0
