53 0.045000000000000005 0.5 0.09000000000000001 1.0
48 0.12857142857142856 0.5 0.09428571428571429 1.0
50 0.2142857142857143 0.5 0.09428571428571429 1.0
60 0.2914285714285714 0.5 0.07542857142857144 1.0
44 0.3685714285714286 0.5 0.09428571428571429 1.0
43 0.4542857142857143 0.5 0.09428571428571429 1.0
58 0.52 0.5 0.05028571428571429 1.0
42 0.5857142857142856 0.5 0.09428571428571429 1.0
61 0.6628571428571428 0.5 0.07542857142857144 1.0
40 0.74 0.5 0.09428571428571429 1.0
41 0.8257142857142857 0.5 0.09428571428571429 1.0
59 0.8914285714285715 0.5 0.05028571428571429 1.0
44 0.9528571428571428 0.5 0.09428571428571429 1.0
