43 0.05180921052631579 0.5 0.10361842105263158 1.0
58 0.125 0.5 0.05789473684210526 1.0
52 0.2006578947368421 0.5 0.10855263157894737 1.0
40 0.2993421052631579 0.5 0.10855263157894737 1.0
60 0.38815789473684215 0.5 0.0868421052631579 1.0
60 0.46710526315789475 0.5 0.0868421052631579 1.0
40 0.5559210526315789 0.5 0.10855263157894737 1.0
48 0.6546052631578947 0.5 0.10855263157894737 1.0
45 0.7532894736842105 0.5 0.10855263157894737 1.0
44 0.8519736842105262 0.5 0.10855263157894737 1.0
43 0.9457236842105263 0.5 0.10855263157894737 1.0
