16 0.06979768786127168 0.5 0.13959537572254335 1.0
44 0.17630057803468208 0.5 0.09537572254335261 1.0
50 0.2630057803468208 0.5 0.09537572254335261 1.0
40 0.34971098265895956 0.5 0.09537572254335261 1.0
60 0.42774566473988435 0.5 0.07630057803468208 1.0
61 0.49710982658959535 0.5 0.07630057803468208 1.0
64 0.6011560693641618 0.5 0.15260115606936417 1.0
44 0.7138728323699421 0.5 0.09537572254335261 1.0
48 0.8005780346820809 0.5 0.09537572254335261 1.0
61 0.8786127167630057 0.5 0.07630057803468208 1.0
52 0.9523121387283237 0.5 0.09537572254335261 1.0
