16 0.0764240506329114 0.5 0.1528481012658228 1.0
44 0.1930379746835443 0.5 0.10443037974683546 1.0
50 0.2879746835443038 0.5 0.10443037974683546 1.0
40 0.38291139240506333 0.5 0.10443037974683546 1.0
60 0.46835443037974683 0.5 0.08354430379746837 1.0
61 0.5443037974683544 0.5 0.08354430379746837 1.0
64 0.6582278481012658 0.5 0.16708860759493674 1.0
44 0.7816455696202532 0.5 0.10443037974683546 1.0
48 0.8765822784810127 0.5 0.10443037974683546 1.0
61 0.9582278481012658 0.5 0.08354430379746837 1.0
