42 0.05285234899328859 0.5 0.10570469798657718 1.0
49 0.15100671140939598 0.5 0.11073825503355705 1.0
64 0.28187919463087246 0.5 0.17718120805369128 1.0
50 0.41275167785234895 0.5 0.11073825503355705 1.0
59 0.4899328859060403 0.5 0.059060402684563765 1.0
40 0.5671140939597314 0.5 0.11073825503355705 1.0
42 0.6677852348993288 0.5 0.11073825503355705 1.0
44 0.7684563758389261 0.5 0.11073825503355705 1.0
48 0.8691275167785234 0.5 0.11073825503355705 1.0
61 0.9557046979865772 0.5 0.08859060402684564 1.0
