48 0.06200787401574803 0.5 0.12401574803149606 1.0
44 0.17716535433070865 0.5 0.1299212598425197 1.0
53 0.2952755905511811 0.5 0.1299212598425197 1.0
61 0.40157480314960625 0.5 0.10393700787401576 1.0
60 0.49606299212598426 0.5 0.10393700787401576 1.0
40 0.6023622047244095 0.5 0.1299212598425197 1.0
59 0.6929133858267715 0.5 0.06929133858267716 1.0
58 0.7559055118110236 0.5 0.06929133858267716 1.0
52 0.8464566929133858 0.5 0.1299212598425197 1.0
61 0.9480314960629921 0.5 0.10393700787401576 1.0
