40 0.057481751824817524 0.5 0.11496350364963505 1.0
52 0.1642335766423358 0.5 0.12043795620437958 1.0
52 0.2737226277372263 0.5 0.12043795620437958 1.0
58 0.3576642335766424 0.5 0.06423357664233577 1.0
52 0.4416058394160584 0.5 0.12043795620437958 1.0
61 0.5401459854014599 0.5 0.09635036496350366 1.0
40 0.6386861313868614 0.5 0.12043795620437958 1.0
48 0.7481751824817519 0.5 0.12043795620437958 1.0
61 0.8467153284671534 0.5 0.09635036496350366 1.0
52 0.9397810218978102 0.5 0.12043795620437958 1.0
