50 0.050806451612903224 0.5 0.10161290322580645 1.0
60 0.13548387096774195 0.5 0.08516129032258066 1.0
44 0.22258064516129034 0.5 0.10645161290322581 1.0
49 0.31935483870967746 0.5 0.10645161290322581 1.0
42 0.4161290322580645 0.5 0.10645161290322581 1.0
42 0.5129032258064515 0.5 0.10645161290322581 1.0
53 0.6096774193548387 0.5 0.10645161290322581 1.0
50 0.7064516129032258 0.5 0.10645161290322581 1.0
58 0.7806451612903226 0.5 0.0567741935483871 1.0
44 0.8548387096774193 0.5 0.10645161290322581 1.0
43 0.9467741935483871 0.5 0.10645161290322581 1.0
