64 0.0711864406779661 0.5 0.1423728813559322 1.0
49 0.17796610169491525 0.5 0.09322033898305085 1.0
43 0.2627118644067796 0.5 0.09322033898305085 1.0
58 0.327683615819209 0.5 0.04971751412429379 1.0
63 0.384180790960452 0.5 0.07457627118644068 1.0
58 0.4406779661016949 0.5 0.04971751412429379 1.0
42 0.5056497175141244 0.5 0.09322033898305085 1.0
40 0.5903954802259886 0.5 0.09322033898305085 1.0
61 0.6666666666666666 0.5 0.07457627118644068 1.0
58 0.7231638418079096 0.5 0.04971751412429379 1.0
49 0.788135593220339 0.5 0.09322033898305085 1.0
48 0.8728813559322034 0.5 0.09322033898305085 1.0
52 0.9533898305084746 0.5 0.09322033898305085 1.0
