50 0.05015923566878981 0.5 0.10031847133757962 1.0
60 0.1337579617834395 0.5 0.08407643312101912 1.0
49 0.2197452229299363 0.5 0.1050955414012739 1.0
61 0.3057324840764331 0.5 0.08407643312101912 1.0
44 0.39171974522292996 0.5 0.1050955414012739 1.0
42 0.4872611464968153 0.5 0.1050955414012739 1.0
61 0.5732484076433121 0.5 0.08407643312101912 1.0
58 0.6369426751592356 0.5 0.05605095541401275 1.0
54 0.7101910828025478 0.5 0.1050955414012739 1.0
44 0.8057324840764332 0.5 0.1050955414012739 1.0
59 0.8789808917197452 0.5 0.05605095541401275 1.0
56 0.947452229299363 0.5 0.1050955414012739 1.0
