58 0.027814569536423844 0.5 0.05562913907284769 1.0
48 0.10264900662251655 0.5 0.10927152317880795 1.0
63 0.19205298013245034 0.5 0.08741721854304636 1.0
49 0.2814569536423841 0.5 0.10927152317880795 1.0
60 0.37086092715231783 0.5 0.08741721854304636 1.0
64 0.4900662251655629 0.5 0.17483443708609273 1.0
40 0.6192052980132451 0.5 0.10927152317880795 1.0
61 0.7086092715231788 0.5 0.08741721854304636 1.0
58 0.7748344370860928 0.5 0.05827814569536424 1.0
49 0.8509933774834437 0.5 0.10927152317880795 1.0
48 0.945364238410596 0.5 0.10927152317880795 1.0
