18 0.0769108280254777 0.5 0.1538216560509554 1.0
49 0.1942675159235669 0.5 0.1050955414012739 1.0
60 0.2802547770700637 0.5 0.08407643312101912 1.0
61 0.35668789808917195 0.5 0.08407643312101912 1.0
53 0.4426751592356688 0.5 0.1050955414012739 1.0
48 0.5382165605095541 0.5 0.1050955414012739 1.0
40 0.6337579617834395 0.5 0.1050955414012739 1.0
61 0.7197452229299364 0.5 0.08407643312101912 1.0
44 0.8057324840764332 0.5 0.1050955414012739 1.0
59 0.8789808917197452 0.5 0.05605095541401275 1.0
56 0.947452229299363 0.5 0.1050955414012739 1.0
