40 0.04891304347826087 0.5 0.09782608695652174 1.0
60 0.13043478260869565 0.5 0.08198757763975156 1.0
42 0.21428571428571427 0.5 0.10248447204968944 1.0
46 0.3074534161490683 0.5 0.10248447204968944 1.0
58 0.37888198757763975 0.5 0.0546583850931677 1.0
61 0.4409937888198758 0.5 0.08198757763975156 1.0
44 0.5248447204968945 0.5 0.10248447204968944 1.0
42 0.6180124223602484 0.5 0.10248447204968944 1.0
61 0.7018633540372671 0.5 0.08198757763975156 1.0
53 0.7857142857142857 0.5 0.10248447204968944 1.0
60 0.8695652173913043 0.5 0.08198757763975156 1.0
44 0.9487577639751553 0.5 0.10248447204968944 1.0
