58 0.025766871165644172 0.5 0.051533742331288344 1.0
48 0.0950920245398773 0.5 0.10122699386503067 1.0
61 0.17791411042944785 0.5 0.08098159509202456 1.0
44 0.2607361963190184 0.5 0.10122699386503067 1.0
60 0.34355828220858897 0.5 0.08098159509202456 1.0
37 0.42638036809815955 0.5 0.10122699386503067 1.0
42 0.5184049079754601 0.5 0.10122699386503067 1.0
49 0.6104294478527607 0.5 0.10122699386503067 1.0
64 0.7300613496932515 0.5 0.16196319018404912 1.0
64 0.8773006134969326 0.5 0.16196319018404912 1.0
0 0.9730061349693252 0.5 0.0539877300613497 1.0
