59 0.029166666666666667 0.5 0.058333333333333334 1.0
49 0.1076388888888889 0.5 0.11458333333333334 1.0
54 0.21180555555555555 0.5 0.11458333333333334 1.0
44 0.3159722222222222 0.5 0.11458333333333334 1.0
59 0.39583333333333337 0.5 0.061111111111111116 1.0
56 0.4756944444444444 0.5 0.11458333333333334 1.0
37 0.5798611111111112 0.5 0.11458333333333334 1.0
53 0.6840277777777778 0.5 0.11458333333333334 1.0
45 0.7881944444444445 0.5 0.11458333333333334 1.0
59 0.8680555555555556 0.5 0.061111111111111116 1.0
56 0.9427083333333334 0.5 0.11458333333333334 1.0
