58 0.03206106870229008 0.5 0.06412213740458016 1.0
48 0.1183206106870229 0.5 0.12595419847328246 1.0
61 0.2213740458015267 0.5 0.10076335877862597 1.0
44 0.3244274809160305 0.5 0.12595419847328246 1.0
60 0.42748091603053434 0.5 0.10076335877862597 1.0
63 0.5190839694656488 0.5 0.10076335877862597 1.0
44 0.6221374045801527 0.5 0.12595419847328246 1.0
60 0.7251908396946565 0.5 0.10076335877862597 1.0
44 0.8282442748091603 0.5 0.12595419847328246 1.0
43 0.9370229007633588 0.5 0.12595419847328246 1.0
