40 0.0412303664921466 0.5 0.0824607329842932 1.0
48 0.11780104712041885 0.5 0.08638743455497383 1.0
61 0.18848167539267016 0.5 0.06910994764397906 1.0
58 0.24083769633507854 0.5 0.04607329842931938 1.0
64 0.32460732984293195 0.5 0.1382198952879581 1.0
40 0.42670157068062825 0.5 0.08638743455497383 1.0
42 0.5052356020942408 0.5 0.08638743455497383 1.0
40 0.5837696335078534 0.5 0.08638743455497383 1.0
52 0.662303664921466 0.5 0.08638743455497383 1.0
52 0.7408376963350785 0.5 0.08638743455497383 1.0
40 0.819371727748691 0.5 0.08638743455497383 1.0
60 0.8900523560209425 0.5 0.06910994764397906 1.0
52 0.9568062827225131 0.5 0.08638743455497383 1.0
