50 0.04552023121387283 0.5 0.09104046242774566 1.0
49 0.13005780346820808 0.5 0.09537572254335261 1.0
61 0.20809248554913296 0.5 0.07630057803468208 1.0
44 0.2861271676300578 0.5 0.09537572254335261 1.0
48 0.37283236994219654 0.5 0.09537572254335261 1.0
61 0.4508670520231214 0.5 0.07630057803468208 1.0
58 0.5086705202312138 0.5 0.05086705202312139 1.0
40 0.5751445086705201 0.5 0.09537572254335261 1.0
59 0.6416184971098265 0.5 0.05086705202312139 1.0
58 0.6878612716763005 0.5 0.05086705202312139 1.0
61 0.745664739884393 0.5 0.07630057803468208 1.0
58 0.8034682080924855 0.5 0.05086705202312139 1.0
44 0.8699421965317918 0.5 0.09537572254335261 1.0
52 0.9523121387283237 0.5 0.09537572254335261 1.0
