49 0.035 0.5 0.07 1.0
54 0.1 0.5 0.07333333333333333 1.0
44 0.16666666666666666 0.5 0.07333333333333333 1.0
60 0.22666666666666668 0.5 0.05866666666666667 1.0
37 0.2866666666666667 0.5 0.07333333333333333 1.0
44 0.35333333333333333 0.5 0.07333333333333333 1.0
64 0.44 0.5 0.11733333333333335 1.0
41 0.5266666666666667 0.5 0.07333333333333333 1.0
44 0.5933333333333334 0.5 0.07333333333333333 1.0
59 0.6444444444444445 0.5 0.03911111111111112 1.0
59 0.68 0.5 0.03911111111111112 1.0
58 0.7155555555555556 0.5 0.03911111111111112 1.0
52 0.7666666666666667 0.5 0.07333333333333333 1.0
46 0.8333333333333334 0.5 0.07333333333333333 1.0
44 0.9 0.5 0.07333333333333333 1.0
43 0.9633333333333334 0.5 0.07333333333333333 1.0
