42 0.03977272727272727 0.5 0.07954545454545454 1.0
46 0.11363636363636365 0.5 0.08333333333333334 1.0
53 0.1893939393939394 0.5 0.08333333333333334 1.0
60 0.25757575757575757 0.5 0.06666666666666668 1.0
42 0.3257575757575758 0.5 0.08333333333333334 1.0
46 0.40151515151515155 0.5 0.08333333333333334 1.0
65 0.5 0.5 0.13333333333333336 1.0
40 0.5984848484848485 0.5 0.08333333333333334 1.0
60 0.6666666666666666 0.5 0.06666666666666668 1.0
43 0.7348484848484849 0.5 0.08333333333333334 1.0
44 0.8106060606060606 0.5 0.08333333333333334 1.0
48 0.8863636363636364 0.5 0.08333333333333334 1.0
52 0.9583333333333334 0.5 0.08333333333333334 1.0
