60 0.03559322033898305 0.5 0.0711864406779661 1.0
44 0.11016949152542373 0.5 0.09322033898305085 1.0
64 0.22033898305084743 0.5 0.14915254237288136 1.0
49 0.3305084745762712 0.5 0.09322033898305085 1.0
48 0.4152542372881356 0.5 0.09322033898305085 1.0
52 0.5 0.5 0.09322033898305085 1.0
61 0.576271186440678 0.5 0.07457627118644068 1.0
60 0.6440677966101694 0.5 0.07457627118644068 1.0
40 0.7203389830508474 0.5 0.09322033898305085 1.0
61 0.7966101694915254 0.5 0.07457627118644068 1.0
44 0.8728813559322034 0.5 0.09322033898305085 1.0
43 0.9533898305084746 0.5 0.09322033898305085 1.0
