43 0.04632352941176471 0.5 0.09264705882352942 1.0
40 0.1323529411764706 0.5 0.09705882352941178 1.0
42 0.22058823529411767 0.5 0.09705882352941178 1.0
61 0.3 0.5 0.07764705882352942 1.0
56 0.3794117647058824 0.5 0.09705882352941178 1.0
59 0.44705882352941184 0.5 0.05176470588235294 1.0
49 0.5147058823529411 0.5 0.09705882352941178 1.0
52 0.6029411764705882 0.5 0.09705882352941178 1.0
42 0.6911764705882353 0.5 0.09705882352941178 1.0
49 0.7794117647058824 0.5 0.09705882352941178 1.0
50 0.8676470588235294 0.5 0.09705882352941178 1.0
56 0.9514705882352941 0.5 0.09705882352941178 1.0
