40 0.04375 0.5 0.0875 1.0
43 0.125 0.5 0.09166666666666667 1.0
62 0.19999999999999998 0.5 0.07333333333333333 1.0
49 0.275 0.5 0.09166666666666667 1.0
53 0.35833333333333334 0.5 0.09166666666666667 1.0
60 0.4333333333333333 0.5 0.07333333333333333 1.0
48 0.5083333333333333 0.5 0.09166666666666667 1.0
64 0.6166666666666666 0.5 0.14666666666666667 1.0
44 0.725 0.5 0.09166666666666667 1.0
48 0.8083333333333332 0.5 0.09166666666666667 1.0
61 0.8833333333333333 0.5 0.07333333333333333 1.0
52 0.9541666666666666 0.5 0.09166666666666667 1.0
