48 0.04801829268292683 0.5 0.09603658536585366 1.0
58 0.11585365853658536 0.5 0.05365853658536586 1.0
45 0.18597560975609756 0.5 0.10060975609756098 1.0
46 0.27743902439024387 0.5 0.10060975609756098 1.0
61 0.3597560975609756 0.5 0.08048780487804878 1.0
58 0.4207317073170732 0.5 0.05365853658536586 1.0
48 0.49085365853658536 0.5 0.10060975609756098 1.0
45 0.5823170731707318 0.5 0.10060975609756098 1.0
40 0.6737804878048781 0.5 0.10060975609756098 1.0
59 0.7439024390243902 0.5 0.05365853658536586 1.0
44 0.8140243902439025 0.5 0.10060975609756098 1.0
52 0.9054878048780488 0.5 0.10060975609756098 1.0
2 0.973170731707317 0.5 0.05365853658536586 1.0
