41 0.03379828326180258 0.5 0.06759656652360516 1.0
60 0.09012875536480686 0.5 0.05665236051502146 1.0
58 0.13304721030042918 0.5 0.037768240343347644 1.0
43 0.18240343347639482 0.5 0.07081545064377683 1.0
44 0.24678111587982832 0.5 0.07081545064377683 1.0
45 0.31115879828326176 0.5 0.07081545064377683 1.0
60 0.36909871244635195 0.5 0.05665236051502146 1.0
49 0.42703862660944203 0.5 0.07081545064377683 1.0
49 0.4914163090128755 0.5 0.07081545064377683 1.0
64 0.575107296137339 0.5 0.11330472103004292 1.0
37 0.6587982832618026 0.5 0.07081545064377683 1.0
61 0.7167381974248926 0.5 0.05665236051502146 1.0
49 0.7746781115879828 0.5 0.07081545064377683 1.0
37 0.8390557939914163 0.5 0.07081545064377683 1.0
41 0.9034334763948497 0.5 0.07081545064377683 1.0
44 0.9645922746781116 0.5 0.07081545064377683 1.0
