25 0.06388888888888888 0.5 0.12777777777777777 1.0
40 0.16137566137566137 0.5 0.08730158730158731 1.0
60 0.2328042328042328 0.5 0.06984126984126984 1.0
59 0.2857142857142857 0.5 0.04656084656084656 1.0
58 0.328042328042328 0.5 0.04656084656084656 1.0
40 0.38888888888888884 0.5 0.08730158730158731 1.0
64 0.49206349206349204 0.5 0.13968253968253969 1.0
44 0.5952380952380952 0.5 0.08730158730158731 1.0
48 0.6746031746031745 0.5 0.08730158730158731 1.0
61 0.7460317460317459 0.5 0.06984126984126984 1.0
40 0.8174603174603173 0.5 0.08730158730158731 1.0
60 0.8888888888888888 0.5 0.06984126984126984 1.0
56 0.9563492063492064 0.5 0.08730158730158731 1.0
