53 0.0412303664921466 0.5 0.0824607329842932 1.0
48 0.11780104712041885 0.5 0.08638743455497383 1.0
52 0.19633507853403143 0.5 0.08638743455497383 1.0
40 0.27486910994764396 0.5 0.08638743455497383 1.0
61 0.34554973821989526 0.5 0.06910994764397906 1.0
58 0.3979057591623037 0.5 0.04607329842931938 1.0
52 0.4581151832460733 0.5 0.08638743455497383 1.0
63 0.5287958115183247 0.5 0.06910994764397906 1.0
40 0.5994764397905759 0.5 0.08638743455497383 1.0
42 0.6780104712041884 0.5 0.08638743455497383 1.0
61 0.7486910994764399 0.5 0.06910994764397906 1.0
49 0.819371727748691 0.5 0.08638743455497383 1.0
60 0.8900523560209425 0.5 0.06910994764397906 1.0
56 0.9568062827225131 0.5 0.08638743455497383 1.0
