44 0.035 0.5 0.07 1.0
43 0.1 0.5 0.07333333333333333 1.0
45 0.16666666666666666 0.5 0.07333333333333333 1.0
44 0.23333333333333334 0.5 0.07333333333333333 1.0
37 0.3 0.5 0.07333333333333333 1.0
43 0.36666666666666664 0.5 0.07333333333333333 1.0
49 0.43333333333333335 0.5 0.07333333333333333 1.0
65 0.52 0.5 0.11733333333333335 1.0
48 0.6066666666666667 0.5 0.07333333333333333 1.0
65 0.6933333333333334 0.5 0.11733333333333335 1.0
40 0.78 0.5 0.07333333333333333 1.0
60 0.84 0.5 0.05866666666666667 1.0
43 0.9 0.5 0.07333333333333333 1.0
52 0.9633333333333334 0.5 0.07333333333333333 1.0
