41 0.04801829268292683 0.5 0.09603658536585366 1.0
49 0.13719512195121952 0.5 0.10060975609756098 1.0
48 0.22865853658536583 0.5 0.10060975609756098 1.0
44 0.3201219512195122 0.5 0.10060975609756098 1.0
37 0.4115853658536585 0.5 0.10060975609756098 1.0
62 0.4939024390243902 0.5 0.08048780487804878 1.0
40 0.576219512195122 0.5 0.10060975609756098 1.0
60 0.6585365853658537 0.5 0.08048780487804878 1.0
60 0.7317073170731707 0.5 0.08048780487804878 1.0
58 0.7926829268292683 0.5 0.05365853658536586 1.0
48 0.8628048780487805 0.5 0.10060975609756098 1.0
45 0.9496951219512195 0.5 0.10060975609756098 1.0
