48 0.03804347826086957 0.5 0.07608695652173914 1.0
58 0.09178743961352658 0.5 0.04251207729468599 1.0
64 0.16908212560386474 0.5 0.127536231884058 1.0
41 0.2632850241545894 0.5 0.07971014492753624 1.0
59 0.3188405797101449 0.5 0.04251207729468599 1.0
44 0.3743961352657005 0.5 0.07971014492753624 1.0
37 0.4468599033816425 0.5 0.07971014492753624 1.0
63 0.5120772946859904 0.5 0.063768115942029 1.0
58 0.5603864734299516 0.5 0.04251207729468599 1.0
48 0.6159420289855073 0.5 0.07971014492753624 1.0
45 0.6884057971014493 0.5 0.07971014492753624 1.0
44 0.7608695652173914 0.5 0.07971014492753624 1.0
60 0.8260869565217391 0.5 0.063768115942029 1.0
44 0.891304347826087 0.5 0.07971014492753624 1.0
43 0.9601449275362319 0.5 0.07971014492753624 1.0
