59 0.02359550561797753 0.5 0.04719101123595506 1.0
40 0.08707865168539325 0.5 0.09269662921348315 1.0
42 0.17134831460674155 0.5 0.09269662921348315 1.0
44 0.2556179775280899 0.5 0.09269662921348315 1.0
37 0.3398876404494382 0.5 0.09269662921348315 1.0
61 0.4157303370786517 0.5 0.07415730337078652 1.0
60 0.4831460674157303 0.5 0.07415730337078652 1.0
58 0.5393258426966292 0.5 0.04943820224719101 1.0
64 0.6292134831460674 0.5 0.14831460674157304 1.0
64 0.7640449438202246 0.5 0.14831460674157304 1.0
44 0.8735955056179776 0.5 0.09269662921348315 1.0
43 0.9536516853932584 0.5 0.09269662921348315 1.0
