15 0.07892156862745098 0.5 0.15784313725490196 1.0
46 0.19934640522875816 0.5 0.10784313725490197 1.0
60 0.2875816993464052 0.5 0.08627450980392158 1.0
58 0.35294117647058826 0.5 0.05751633986928105 1.0
52 0.42810457516339867 0.5 0.10784313725490197 1.0
61 0.5163398692810457 0.5 0.08627450980392158 1.0
44 0.6045751633986929 0.5 0.10784313725490197 1.0
48 0.7026143790849674 0.5 0.10784313725490197 1.0
58 0.7777777777777778 0.5 0.05751633986928105 1.0
48 0.8529411764705883 0.5 0.10784313725490197 1.0
45 0.946078431372549 0.5 0.10784313725490197 1.0
