42 0.05468750000000001 0.5 0.10937500000000001 1.0
49 0.15625 0.5 0.11458333333333334 1.0
53 0.2604166666666667 0.5 0.11458333333333334 1.0
48 0.3645833333333333 0.5 0.11458333333333334 1.0
52 0.46875 0.5 0.11458333333333334 1.0
44 0.5729166666666667 0.5 0.11458333333333334 1.0
59 0.6527777777777778 0.5 0.061111111111111116 1.0
59 0.7083333333333334 0.5 0.061111111111111116 1.0
58 0.763888888888889 0.5 0.061111111111111116 1.0
48 0.8437500000000001 0.5 0.11458333333333334 1.0
45 0.9427083333333334 0.5 0.11458333333333334 1.0
