50 0.03957286432160804 0.5 0.07914572864321608 1.0
46 0.11306532663316582 0.5 0.0829145728643216 1.0
40 0.18844221105527637 0.5 0.0829145728643216 1.0
60 0.2562814070351759 0.5 0.06633165829145729 1.0
64 0.3467336683417085 0.5 0.13266331658291458 1.0
40 0.44472361809045224 0.5 0.0829145728643216 1.0
42 0.5201005025125628 0.5 0.0829145728643216 1.0
44 0.5954773869346733 0.5 0.0829145728643216 1.0
53 0.6708542713567839 0.5 0.0829145728643216 1.0
61 0.7386934673366834 0.5 0.06633165829145729 1.0
58 0.7889447236180903 0.5 0.044221105527638194 1.0
42 0.8467336683417085 0.5 0.0829145728643216 1.0
40 0.922110552763819 0.5 0.0829145728643216 1.0
59 0.9778894472361809 0.5 0.044221105527638194 1.0
