50 0.04525862068965518 0.5 0.09051724137931036 1.0
52 0.12931034482758622 0.5 0.09482758620689656 1.0
56 0.21551724137931036 0.5 0.09482758620689656 1.0
42 0.3017241379310345 0.5 0.09482758620689656 1.0
46 0.3879310344827587 0.5 0.09482758620689656 1.0
49 0.47413793103448276 0.5 0.09482758620689656 1.0
59 0.5402298850574713 0.5 0.05057471264367817 1.0
49 0.6063218390804599 0.5 0.09482758620689656 1.0
45 0.692528735632184 0.5 0.09482758620689656 1.0
58 0.7586206896551724 0.5 0.05057471264367817 1.0
42 0.824712643678161 0.5 0.09482758620689656 1.0
40 0.9109195402298851 0.5 0.09482758620689656 1.0
59 0.9747126436781609 0.5 0.05057471264367817 1.0
