49 0.0430327868852459 0.5 0.0860655737704918 1.0
54 0.12295081967213115 0.5 0.09016393442622951 1.0
44 0.20491803278688522 0.5 0.09016393442622951 1.0
60 0.2786885245901639 0.5 0.07213114754098361 1.0
37 0.3524590163934426 0.5 0.09016393442622951 1.0
42 0.4344262295081967 0.5 0.09016393442622951 1.0
60 0.5081967213114754 0.5 0.07213114754098361 1.0
49 0.5819672131147541 0.5 0.09016393442622951 1.0
65 0.6885245901639344 0.5 0.14426229508196722 1.0
43 0.7950819672131147 0.5 0.09016393442622951 1.0
44 0.8770491803278688 0.5 0.09016393442622951 1.0
43 0.9549180327868853 0.5 0.09016393442622951 1.0
