40 0.04801829268292683 0.5 0.09603658536585366 1.0
42 0.13719512195121952 0.5 0.10060975609756098 1.0
46 0.22865853658536583 0.5 0.10060975609756098 1.0
58 0.2987804878048781 0.5 0.05365853658536586 1.0
44 0.36890243902439024 0.5 0.10060975609756098 1.0
54 0.46036585365853655 0.5 0.10060975609756098 1.0
44 0.551829268292683 0.5 0.10060975609756098 1.0
64 0.6707317073170731 0.5 0.16097560975609757 1.0
44 0.7896341463414634 0.5 0.10060975609756098 1.0
48 0.8810975609756098 0.5 0.10060975609756098 1.0
61 0.9597560975609756 0.5 0.08048780487804878 1.0
