65 0.07455621301775149 0.5 0.14911242603550298 1.0
58 0.16568047337278108 0.5 0.05207100591715977 1.0
61 0.22485207100591714 0.5 0.07810650887573965 1.0
46 0.3047337278106509 0.5 0.09763313609467456 1.0
52 0.39349112426035504 0.5 0.09763313609467456 1.0
61 0.4733727810650888 0.5 0.07810650887573965 1.0
40 0.5532544378698225 0.5 0.09763313609467456 1.0
48 0.6420118343195266 0.5 0.09763313609467456 1.0
43 0.7307692307692307 0.5 0.09763313609467456 1.0
58 0.7988165680473372 0.5 0.05207100591715977 1.0
48 0.8668639053254438 0.5 0.09763313609467456 1.0
45 0.9511834319526628 0.5 0.09763313609467456 1.0
