61 0.041721854304635764 0.5 0.08344370860927153 1.0
44 0.1291390728476821 0.5 0.10927152317880795 1.0
60 0.2185430463576159 0.5 0.08741721854304636 1.0
64 0.33774834437086093 0.5 0.17483443708609273 1.0
58 0.4437086092715232 0.5 0.05827814569536424 1.0
48 0.5198675496688742 0.5 0.10927152317880795 1.0
40 0.6192052980132451 0.5 0.10927152317880795 1.0
61 0.7086092715231788 0.5 0.08741721854304636 1.0
58 0.7748344370860928 0.5 0.05827814569536424 1.0
49 0.8509933774834437 0.5 0.10927152317880795 1.0
48 0.945364238410596 0.5 0.10927152317880795 1.0
