61 0.04405594405594406 0.5 0.08811188811188812 1.0
44 0.13636363636363635 0.5 0.11538461538461539 1.0
60 0.23076923076923075 0.5 0.09230769230769231 1.0
64 0.3566433566433566 0.5 0.18461538461538463 1.0
58 0.46853146853146854 0.5 0.06153846153846154 1.0
48 0.548951048951049 0.5 0.11538461538461539 1.0
40 0.653846153846154 0.5 0.11538461538461539 1.0
61 0.7482517482517483 0.5 0.09230769230769231 1.0
44 0.8426573426573427 0.5 0.11538461538461539 1.0
43 0.9423076923076923 0.5 0.11538461538461539 1.0
