40 0.053209459459459464 0.5 0.10641891891891893 1.0
50 0.15202702702702703 0.5 0.1114864864864865 1.0
50 0.2533783783783784 0.5 0.1114864864864865 1.0
60 0.3445945945945946 0.5 0.08918918918918921 1.0
44 0.4358108108108108 0.5 0.1114864864864865 1.0
42 0.5371621621621622 0.5 0.1114864864864865 1.0
58 0.6148648648648649 0.5 0.05945945945945947 1.0
40 0.6925675675675675 0.5 0.1114864864864865 1.0
41 0.793918918918919 0.5 0.1114864864864865 1.0
59 0.8716216216216217 0.5 0.05945945945945947 1.0
56 0.9442567567567568 0.5 0.1114864864864865 1.0
