25 0.075 0.5 0.15 1.0
60 0.18012422360248448 0.5 0.08198757763975156 1.0
44 0.2639751552795031 0.5 0.10248447204968944 1.0
52 0.3571428571428571 0.5 0.10248447204968944 1.0
58 0.42857142857142855 0.5 0.0546583850931677 1.0
43 0.49999999999999994 0.5 0.10248447204968944 1.0
44 0.593167701863354 0.5 0.10248447204968944 1.0
48 0.6863354037267081 0.5 0.10248447204968944 1.0
61 0.7701863354037266 0.5 0.08198757763975156 1.0
58 0.8322981366459627 0.5 0.0546583850931677 1.0
40 0.9037267080745341 0.5 0.10248447204968944 1.0
59 0.9726708074534162 0.5 0.0546583850931677 1.0
