53 0.04525862068965518 0.5 0.09051724137931036 1.0
48 0.12931034482758622 0.5 0.09482758620689656 1.0
60 0.20689655172413796 0.5 0.07586206896551724 1.0
44 0.28448275862068967 0.5 0.09482758620689656 1.0
50 0.3706896551724138 0.5 0.09482758620689656 1.0
44 0.456896551724138 0.5 0.09482758620689656 1.0
48 0.5431034482758621 0.5 0.09482758620689656 1.0
61 0.6206896551724138 0.5 0.07586206896551724 1.0
40 0.6982758620689655 0.5 0.09482758620689656 1.0
48 0.7844827586206897 0.5 0.09482758620689656 1.0
42 0.8706896551724139 0.5 0.09482758620689656 1.0
44 0.9525862068965517 0.5 0.09482758620689656 1.0
