46 0.041666666666666664 0.5 0.08333333333333333 1.0
40 0.11904761904761904 0.5 0.08730158730158731 1.0
48 0.1984126984126984 0.5 0.08730158730158731 1.0
43 0.2777777777777778 0.5 0.08730158730158731 1.0
37 0.3571428571428571 0.5 0.08730158730158731 1.0
49 0.4365079365079365 0.5 0.08730158730158731 1.0
50 0.5158730158730158 0.5 0.08730158730158731 1.0
44 0.5952380952380952 0.5 0.08730158730158731 1.0
60 0.6666666666666666 0.5 0.06984126984126984 1.0
40 0.738095238095238 0.5 0.08730158730158731 1.0
61 0.8095238095238094 0.5 0.06984126984126984 1.0
44 0.8809523809523808 0.5 0.08730158730158731 1.0
43 0.9563492063492064 0.5 0.08730158730158731 1.0
