51 0.058768656716417914 0.5 0.11753731343283583 1.0
53 0.16791044776119404 0.5 0.12313432835820896 1.0
58 0.2537313432835821 0.5 0.06567164179104477 1.0
52 0.33955223880597013 0.5 0.12313432835820896 1.0
58 0.4253731343283582 0.5 0.06567164179104477 1.0
61 0.5 0.5 0.09850746268656717 1.0
58 0.5746268656716418 0.5 0.06567164179104477 1.0
54 0.6604477611940298 0.5 0.12313432835820896 1.0
44 0.7723880597014925 0.5 0.12313432835820896 1.0
59 0.8582089552238806 0.5 0.06567164179104477 1.0
56 0.9384328358208955 0.5 0.12313432835820896 1.0
