42 0.042112299465240643 0.5 0.08422459893048129 1.0
49 0.12032085561497327 0.5 0.08823529411764706 1.0
50 0.20053475935828877 0.5 0.08823529411764706 1.0
60 0.27272727272727276 0.5 0.07058823529411766 1.0
44 0.3449197860962567 0.5 0.08823529411764706 1.0
42 0.42513368983957217 0.5 0.08823529411764706 1.0
58 0.48663101604278075 0.5 0.047058823529411764 1.0
50 0.5481283422459894 0.5 0.08823529411764706 1.0
58 0.6096256684491979 0.5 0.047058823529411764 1.0
61 0.6631016042780749 0.5 0.07058823529411766 1.0
40 0.7352941176470589 0.5 0.08823529411764706 1.0
61 0.8074866310160428 0.5 0.07058823529411766 1.0
44 0.8796791443850268 0.5 0.08823529411764706 1.0
43 0.9558823529411765 0.5 0.08823529411764706 1.0
