45 0.0521523178807947 0.5 0.1043046357615894 1.0
60 0.1390728476821192 0.5 0.08741721854304636 1.0
40 0.22847682119205298 0.5 0.10927152317880795 1.0
54 0.3278145695364238 0.5 0.10927152317880795 1.0
58 0.40397350993377484 0.5 0.05827814569536424 1.0
64 0.509933774834437 0.5 0.17483443708609273 1.0
44 0.6390728476821192 0.5 0.10927152317880795 1.0
61 0.7284768211920529 0.5 0.08741721854304636 1.0
60 0.8079470198675497 0.5 0.08741721854304636 1.0
58 0.8741721854304636 0.5 0.05827814569536424 1.0
42 0.945364238410596 0.5 0.10927152317880795 1.0
