60 0.043150684931506846 0.5 0.08630136986301369 1.0
44 0.13356164383561642 0.5 0.113013698630137 1.0
45 0.2363013698630137 0.5 0.113013698630137 1.0
60 0.3287671232876712 0.5 0.09041095890410959 1.0
44 0.42123287671232873 0.5 0.113013698630137 1.0
61 0.5136986301369864 0.5 0.09041095890410959 1.0
61 0.595890410958904 0.5 0.09041095890410959 1.0
40 0.6883561643835616 0.5 0.113013698630137 1.0
41 0.7910958904109588 0.5 0.113013698630137 1.0
59 0.8698630136986301 0.5 0.06027397260273973 1.0
44 0.9434931506849316 0.5 0.113013698630137 1.0
