40 0.05285234899328859 0.5 0.10570469798657718 1.0
48 0.15100671140939598 0.5 0.11073825503355705 1.0
61 0.24161073825503354 0.5 0.08859060402684564 1.0
40 0.3322147651006711 0.5 0.11073825503355705 1.0
45 0.43288590604026844 0.5 0.11073825503355705 1.0
49 0.5335570469798657 0.5 0.11073825503355705 1.0
48 0.634228187919463 0.5 0.11073825503355705 1.0
58 0.7114093959731542 0.5 0.059060402684563765 1.0
52 0.7885906040268456 0.5 0.11073825503355705 1.0
64 0.9114093959731544 0.5 0.17718120805369128 1.0
