53 0.05585106382978724 0.5 0.11170212765957448 1.0
48 0.1595744680851064 0.5 0.1170212765957447 1.0
58 0.24113475177304966 0.5 0.0624113475177305 1.0
54 0.32269503546099293 0.5 0.1170212765957447 1.0
44 0.42907801418439717 0.5 0.1170212765957447 1.0
60 0.524822695035461 0.5 0.09361702127659575 1.0
52 0.6205673758865249 0.5 0.1170212765957447 1.0
40 0.7269503546099291 0.5 0.1170212765957447 1.0
59 0.8085106382978724 0.5 0.0624113475177305 1.0
59 0.8652482269503546 0.5 0.0624113475177305 1.0
56 0.9414893617021276 0.5 0.1170212765957447 1.0
