52 0.04038461538461539 0.5 0.08076923076923077 1.0
58 0.09743589743589744 0.5 0.04512820512820513 1.0
64 0.1794871794871795 0.5 0.1353846153846154 1.0
53 0.2794871794871795 0.5 0.08461538461538462 1.0
59 0.3384615384615385 0.5 0.04512820512820513 1.0
61 0.38974358974358975 0.5 0.0676923076923077 1.0
40 0.458974358974359 0.5 0.08461538461538462 1.0
48 0.5358974358974359 0.5 0.08461538461538462 1.0
44 0.6128205128205129 0.5 0.08461538461538462 1.0
49 0.6897435897435897 0.5 0.08461538461538462 1.0
53 0.7666666666666667 0.5 0.08461538461538462 1.0
52 0.8435897435897436 0.5 0.08461538461538462 1.0
59 0.9025641025641027 0.5 0.04512820512820513 1.0
56 0.9576923076923077 0.5 0.08461538461538462 1.0
