61 0.04736842105263158 0.5 0.09473684210526316 1.0
46 0.14661654135338345 0.5 0.12406015037593986 1.0
58 0.23308270676691728 0.5 0.0661654135338346 1.0
42 0.31954887218045114 0.5 0.12406015037593986 1.0
47 0.4323308270676691 0.5 0.12406015037593986 1.0
44 0.5451127819548872 0.5 0.12406015037593986 1.0
48 0.6578947368421052 0.5 0.12406015037593986 1.0
58 0.744360902255639 0.5 0.0661654135338346 1.0
48 0.8308270676691728 0.5 0.12406015037593986 1.0
45 0.9379699248120301 0.5 0.12406015037593986 1.0
