58 0.026582278481012658 0.5 0.053164556962025315 1.0
64 0.12658227848101267 0.5 0.16708860759493674 1.0
50 0.25 0.5 0.10443037974683546 1.0
59 0.32278481012658233 0.5 0.055696202531645575 1.0
58 0.3734177215189874 0.5 0.055696202531645575 1.0
42 0.44620253164556967 0.5 0.10443037974683546 1.0
40 0.5411392405063291 0.5 0.10443037974683546 1.0
61 0.6265822784810127 0.5 0.08354430379746837 1.0
58 0.689873417721519 0.5 0.055696202531645575 1.0
49 0.7626582278481013 0.5 0.10443037974683546 1.0
48 0.8575949367088608 0.5 0.10443037974683546 1.0
52 0.9477848101265822 0.5 0.10443037974683546 1.0
