27 0.07996688741721855 0.5 0.1599337748344371 1.0
44 0.20198675496688742 0.5 0.10927152317880795 1.0
61 0.2913907284768212 0.5 0.08741721854304636 1.0
58 0.35761589403973515 0.5 0.05827814569536424 1.0
60 0.423841059602649 0.5 0.08741721854304636 1.0
44 0.5132450331125827 0.5 0.10927152317880795 1.0
64 0.6423841059602649 0.5 0.17483443708609273 1.0
44 0.7715231788079471 0.5 0.10927152317880795 1.0
48 0.8708609271523179 0.5 0.10927152317880795 1.0
61 0.9562913907284768 0.5 0.08741721854304636 1.0
