40 0.05285234899328859 0.5 0.10570469798657718 1.0
43 0.15100671140939598 0.5 0.11073825503355705 1.0
54 0.25167785234899326 0.5 0.11073825503355705 1.0
58 0.3288590604026846 0.5 0.059060402684563765 1.0
52 0.4060402684563758 0.5 0.11073825503355705 1.0
40 0.5067114093959731 0.5 0.11073825503355705 1.0
41 0.6073825503355704 0.5 0.11073825503355705 1.0
58 0.6845637583892616 0.5 0.059060402684563765 1.0
59 0.7382550335570469 0.5 0.059060402684563765 1.0
58 0.7919463087248322 0.5 0.059060402684563765 1.0
61 0.8590604026845636 0.5 0.08859060402684564 1.0
56 0.9446308724832215 0.5 0.11073825503355705 1.0
