13 0.09217557251908397 0.5 0.18435114503816794 1.0
42 0.23282442748091603 0.5 0.12595419847328246 1.0
61 0.33587786259541985 0.5 0.10076335877862597 1.0
58 0.41221374045801523 0.5 0.06717557251908397 1.0
54 0.49999999999999994 0.5 0.12595419847328246 1.0
58 0.5877862595419847 0.5 0.06717557251908397 1.0
61 0.6641221374045801 0.5 0.10076335877862597 1.0
58 0.7404580152671756 0.5 0.06717557251908397 1.0
44 0.8282442748091603 0.5 0.12595419847328246 1.0
52 0.9370229007633588 0.5 0.12595419847328246 1.0
