47 0.03612385321100918 0.5 0.07224770642201836 1.0
48 0.10321100917431193 0.5 0.07568807339449542 1.0
49 0.17201834862385323 0.5 0.07568807339449542 1.0
65 0.26146788990825687 0.5 0.12110091743119268 1.0
59 0.3348623853211009 0.5 0.04036697247706422 1.0
44 0.3876146788990826 0.5 0.07568807339449542 1.0
43 0.4564220183486239 0.5 0.07568807339449542 1.0
45 0.5252293577981652 0.5 0.07568807339449542 1.0
44 0.5940366972477064 0.5 0.07568807339449542 1.0
40 0.6628440366972477 0.5 0.07568807339449542 1.0
41 0.731651376146789 0.5 0.07568807339449542 1.0
58 0.7844036697247707 0.5 0.04036697247706422 1.0
59 0.8211009174311927 0.5 0.04036697247706422 1.0
58 0.8577981651376148 0.5 0.04036697247706422 1.0
61 0.9036697247706422 0.5 0.06055045871559634 1.0
56 0.9621559633027523 0.5 0.07568807339449542 1.0
