50 0.052500000000000005 0.5 0.10500000000000001 1.0
40 0.15000000000000002 0.5 0.11000000000000001 1.0
60 0.24000000000000002 0.5 0.08800000000000001 1.0
61 0.32 0.5 0.08800000000000001 1.0
58 0.38666666666666666 0.5 0.05866666666666667 1.0
42 0.4633333333333333 0.5 0.11000000000000001 1.0
53 0.5633333333333334 0.5 0.11000000000000001 1.0
59 0.64 0.5 0.05866666666666667 1.0
40 0.7166666666666668 0.5 0.11000000000000001 1.0
60 0.8066666666666668 0.5 0.08800000000000001 1.0
59 0.8733333333333333 0.5 0.05866666666666667 1.0
56 0.945 0.5 0.11000000000000001 1.0
