15 0.07144970414201184 0.5 0.14289940828402367 1.0
49 0.1804733727810651 0.5 0.09763313609467456 1.0
64 0.29585798816568043 0.5 0.1562130177514793 1.0
64 0.4378698224852071 0.5 0.1562130177514793 1.0
40 0.5532544378698225 0.5 0.09763313609467456 1.0
48 0.6420118343195266 0.5 0.09763313609467456 1.0
43 0.7307692307692307 0.5 0.09763313609467456 1.0
58 0.7988165680473372 0.5 0.05207100591715977 1.0
48 0.8668639053254438 0.5 0.09763313609467456 1.0
45 0.9511834319526628 0.5 0.09763313609467456 1.0
