48 0.057481751824817524 0.5 0.11496350364963505 1.0
58 0.1386861313868613 0.5 0.06423357664233577 1.0
48 0.22262773722627738 0.5 0.12043795620437958 1.0
44 0.33211678832116787 0.5 0.12043795620437958 1.0
61 0.43065693430656937 0.5 0.09635036496350366 1.0
44 0.5291970802919709 0.5 0.12043795620437958 1.0
44 0.6386861313868614 0.5 0.12043795620437958 1.0
48 0.7481751824817519 0.5 0.12043795620437958 1.0
61 0.8467153284671534 0.5 0.09635036496350366 1.0
46 0.9397810218978102 0.5 0.12043795620437958 1.0
