49 0.04424157303370787 0.5 0.08848314606741574 1.0
59 0.10674157303370786 0.5 0.04943820224719101 1.0
43 0.17134831460674155 0.5 0.09269662921348315 1.0
37 0.2556179775280899 0.5 0.09269662921348315 1.0
63 0.3314606741573034 0.5 0.07415730337078652 1.0
40 0.40730337078651685 0.5 0.09269662921348315 1.0
52 0.49157303370786515 0.5 0.09269662921348315 1.0
46 0.5758426966292135 0.5 0.09269662921348315 1.0
58 0.6404494382022472 0.5 0.04943820224719101 1.0
49 0.7050561797752809 0.5 0.09269662921348315 1.0
48 0.7893258426966292 0.5 0.09269662921348315 1.0
44 0.8735955056179776 0.5 0.09269662921348315 1.0
43 0.9536516853932584 0.5 0.09269662921348315 1.0
