50 0.05431034482758621 0.5 0.10862068965517242 1.0
60 0.14482758620689656 0.5 0.0910344827586207 1.0
40 0.2379310344827586 0.5 0.11379310344827587 1.0
42 0.3413793103448276 0.5 0.11379310344827587 1.0
61 0.43448275862068964 0.5 0.0910344827586207 1.0
58 0.503448275862069 0.5 0.0606896551724138 1.0
42 0.5827586206896551 0.5 0.11379310344827587 1.0
40 0.6862068965517241 0.5 0.11379310344827587 1.0
41 0.7896551724137931 0.5 0.11379310344827587 1.0
59 0.8689655172413793 0.5 0.0606896551724138 1.0
44 0.943103448275862 0.5 0.11379310344827587 1.0
