23 0.0827054794520548 0.5 0.1654109589041096 1.0
40 0.2089041095890411 0.5 0.113013698630137 1.0
61 0.3013698630136986 0.5 0.09041095890410959 1.0
58 0.3698630136986301 0.5 0.06027397260273973 1.0
49 0.44863013698630133 0.5 0.113013698630137 1.0
48 0.5513698630136986 0.5 0.113013698630137 1.0
40 0.6541095890410958 0.5 0.113013698630137 1.0
59 0.732876712328767 0.5 0.06027397260273973 1.0
58 0.7876712328767123 0.5 0.06027397260273973 1.0
52 0.8664383561643835 0.5 0.113013698630137 1.0
61 0.9547945205479452 0.5 0.09041095890410959 1.0
