63 0.045323741007194246 0.5 0.09064748201438849 1.0
58 0.11510791366906475 0.5 0.06330935251798563 1.0
63 0.18705035971223022 0.5 0.09496402877697843 1.0
61 0.2733812949640288 0.5 0.09496402877697843 1.0
56 0.3705035971223022 0.5 0.11870503597122302 1.0
37 0.4784172661870504 0.5 0.11870503597122302 1.0
44 0.5863309352517986 0.5 0.11870503597122302 1.0
58 0.6690647482014389 0.5 0.06330935251798563 1.0
45 0.7517985611510791 0.5 0.11870503597122302 1.0
46 0.8597122302158273 0.5 0.11870503597122302 1.0
61 0.9525179856115108 0.5 0.09496402877697843 1.0
