64 0.08873239436619719 0.5 0.17746478873239438 1.0
40 0.22183098591549294 0.5 0.11619718309859156 1.0
48 0.3274647887323943 0.5 0.11619718309859156 1.0
40 0.43309859154929575 0.5 0.11619718309859156 1.0
45 0.5387323943661972 0.5 0.11619718309859156 1.0
44 0.6443661971830986 0.5 0.11619718309859156 1.0
60 0.7394366197183098 0.5 0.09295774647887324 1.0
58 0.8098591549295774 0.5 0.0619718309859155 1.0
40 0.8908450704225352 0.5 0.11619718309859156 1.0
59 0.9690140845070423 0.5 0.0619718309859155 1.0
