49 0.053209459459459464 0.5 0.10641891891891893 1.0
54 0.15202702702702703 0.5 0.1114864864864865 1.0
44 0.2533783783783784 0.5 0.1114864864864865 1.0
60 0.3445945945945946 0.5 0.08918918918918921 1.0
59 0.41216216216216217 0.5 0.05945945945945947 1.0
49 0.48986486486486486 0.5 0.1114864864864865 1.0
49 0.5912162162162162 0.5 0.1114864864864865 1.0
47 0.6925675675675675 0.5 0.1114864864864865 1.0
58 0.7702702702702704 0.5 0.05945945945945947 1.0
48 0.847972972972973 0.5 0.1114864864864865 1.0
45 0.9442567567567568 0.5 0.1114864864864865 1.0
