54 0.05545774647887324 0.5 0.11091549295774648 1.0
44 0.15845070422535212 0.5 0.11619718309859156 1.0
48 0.2640845070422535 0.5 0.11619718309859156 1.0
61 0.3591549295774648 0.5 0.09295774647887324 1.0
60 0.44366197183098594 0.5 0.09295774647887324 1.0
58 0.5140845070422535 0.5 0.0619718309859155 1.0
42 0.5950704225352113 0.5 0.11619718309859156 1.0
53 0.7007042253521127 0.5 0.11619718309859156 1.0
59 0.7816901408450704 0.5 0.0619718309859155 1.0
40 0.8626760563380282 0.5 0.11619718309859156 1.0
60 0.9535211267605633 0.5 0.09295774647887324 1.0
