42 0.04801829268292683 0.5 0.09603658536585366 1.0
49 0.13719512195121952 0.5 0.10060975609756098 1.0
64 0.25609756097560976 0.5 0.16097560975609757 1.0
50 0.37499999999999994 0.5 0.10060975609756098 1.0
60 0.45731707317073167 0.5 0.08048780487804878 1.0
44 0.5396341463414634 0.5 0.10060975609756098 1.0
52 0.6310975609756098 0.5 0.10060975609756098 1.0
52 0.7225609756097561 0.5 0.10060975609756098 1.0
58 0.7926829268292683 0.5 0.05365853658536586 1.0
49 0.8628048780487805 0.5 0.10060975609756098 1.0
48 0.9496951219512195 0.5 0.10060975609756098 1.0
