46 0.04632352941176471 0.5 0.09264705882352942 1.0
49 0.1323529411764706 0.5 0.09705882352941178 1.0
53 0.22058823529411767 0.5 0.09705882352941178 1.0
52 0.3088235294117647 0.5 0.09705882352941178 1.0
44 0.3970588235294118 0.5 0.09705882352941178 1.0
46 0.4852941176470589 0.5 0.09705882352941178 1.0
49 0.5735294117647058 0.5 0.09705882352941178 1.0
59 0.6411764705882353 0.5 0.05176470588235294 1.0
43 0.7088235294117647 0.5 0.09705882352941178 1.0
44 0.7970588235294117 0.5 0.09705882352941178 1.0
60 0.8764705882352941 0.5 0.07764705882352942 1.0
52 0.9514705882352941 0.5 0.09705882352941178 1.0
