17 0.08444055944055943 0.5 0.16888111888111887 1.0
59 0.1888111888111888 0.5 0.06153846153846154 1.0
44 0.2692307692307692 0.5 0.11538461538461539 1.0
42 0.3741258741258741 0.5 0.11538461538461539 1.0
61 0.46853146853146854 0.5 0.09230769230769231 1.0
60 0.5524475524475525 0.5 0.09230769230769231 1.0
58 0.6223776223776224 0.5 0.06153846153846154 1.0
42 0.7027972027972027 0.5 0.11538461538461539 1.0
58 0.7832167832167832 0.5 0.06153846153846154 1.0
61 0.8531468531468531 0.5 0.09230769230769231 1.0
56 0.9423076923076923 0.5 0.11538461538461539 1.0
