52 0.05585106382978724 0.5 0.11170212765957448 1.0
50 0.1595744680851064 0.5 0.1170212765957447 1.0
44 0.26595744680851063 0.5 0.1170212765957447 1.0
59 0.3475177304964539 0.5 0.0624113475177305 1.0
59 0.40425531914893614 0.5 0.0624113475177305 1.0
41 0.48581560283687947 0.5 0.1170212765957447 1.0
58 0.5673758865248227 0.5 0.0624113475177305 1.0
48 0.648936170212766 0.5 0.1170212765957447 1.0
43 0.7553191489361702 0.5 0.1170212765957447 1.0
44 0.8617021276595745 0.5 0.1170212765957447 1.0
60 0.9531914893617022 0.5 0.09361702127659575 1.0
