44 0.05393835616438356 0.5 0.10787671232876712 1.0
59 0.13013698630136986 0.5 0.06027397260273973 1.0
44 0.2089041095890411 0.5 0.113013698630137 1.0
42 0.3116438356164383 0.5 0.113013698630137 1.0
61 0.4041095890410959 0.5 0.09041095890410959 1.0
60 0.4863013698630137 0.5 0.09041095890410959 1.0
58 0.5547945205479452 0.5 0.06027397260273973 1.0
42 0.6335616438356164 0.5 0.113013698630137 1.0
40 0.7363013698630136 0.5 0.113013698630137 1.0
59 0.8150684931506849 0.5 0.06027397260273973 1.0
59 0.8698630136986301 0.5 0.06027397260273973 1.0
56 0.9434931506849316 0.5 0.113013698630137 1.0
