64 0.09064748201438849 0.5 0.18129496402877698 1.0
49 0.22661870503597123 0.5 0.11870503597122302 1.0
48 0.33453237410071945 0.5 0.11870503597122302 1.0
58 0.4172661870503597 0.5 0.06330935251798563 1.0
61 0.4892086330935252 0.5 0.09496402877697843 1.0
49 0.5863309352517986 0.5 0.11870503597122302 1.0
60 0.6834532374100719 0.5 0.09496402877697843 1.0
58 0.7553956834532375 0.5 0.06330935251798563 1.0
48 0.8381294964028777 0.5 0.11870503597122302 1.0
45 0.9406474820143885 0.5 0.11870503597122302 1.0
