63 0.0375 0.5 0.075 1.0
40 0.11607142857142858 0.5 0.09821428571428573 1.0
60 0.1964285714285714 0.5 0.07857142857142857 1.0
64 0.3035714285714286 0.5 0.15714285714285714 1.0
37 0.41964285714285715 0.5 0.09821428571428573 1.0
46 0.5089285714285714 0.5 0.09821428571428573 1.0
49 0.5982142857142857 0.5 0.09821428571428573 1.0
53 0.6874999999999999 0.5 0.09821428571428573 1.0
52 0.7767857142857142 0.5 0.09821428571428573 1.0
44 0.8660714285714285 0.5 0.09821428571428573 1.0
52 0.9508928571428571 0.5 0.09821428571428573 1.0
