63 0.034806629834254144 0.5 0.06961325966850829 1.0
40 0.10773480662983426 0.5 0.09116022099447514 1.0
61 0.18232044198895028 0.5 0.07292817679558011 1.0
46 0.2569060773480663 0.5 0.09116022099447514 1.0
44 0.3397790055248619 0.5 0.09116022099447514 1.0
60 0.41436464088397784 0.5 0.07292817679558011 1.0
37 0.4889502762430939 0.5 0.09116022099447514 1.0
58 0.5524861878453038 0.5 0.04861878453038674 1.0
48 0.6160220994475137 0.5 0.09116022099447514 1.0
37 0.6988950276243093 0.5 0.09116022099447514 1.0
59 0.7624309392265194 0.5 0.04861878453038674 1.0
40 0.8259668508287292 0.5 0.09116022099447514 1.0
65 0.9270718232044199 0.5 0.14585635359116023 1.0
