40 0.045000000000000005 0.5 0.09000000000000001 1.0
42 0.12857142857142856 0.5 0.09428571428571429 1.0
42 0.2142857142857143 0.5 0.09428571428571429 1.0
49 0.3 0.5 0.09428571428571429 1.0
64 0.4114285714285714 0.5 0.15085714285714288 1.0
50 0.5228571428571428 0.5 0.09428571428571429 1.0
59 0.5885714285714286 0.5 0.05028571428571429 1.0
58 0.6342857142857143 0.5 0.05028571428571429 1.0
52 0.7 0.5 0.09428571428571429 1.0
46 0.7857142857142857 0.5 0.09428571428571429 1.0
44 0.8714285714285714 0.5 0.09428571428571429 1.0
43 0.9528571428571428 0.5 0.09428571428571429 1.0
