19 0.065625 0.5 0.13125 1.0
49 0.1657608695652174 0.5 0.08967391304347827 1.0
54 0.24728260869565216 0.5 0.08967391304347827 1.0
44 0.328804347826087 0.5 0.08967391304347827 1.0
60 0.4021739130434782 0.5 0.07173913043478261 1.0
48 0.47554347826086957 0.5 0.08967391304347827 1.0
64 0.5815217391304347 0.5 0.14347826086956522 1.0
44 0.6875 0.5 0.08967391304347827 1.0
48 0.7690217391304348 0.5 0.08967391304347827 1.0
61 0.8423913043478262 0.5 0.07173913043478261 1.0
2 0.8967391304347826 0.5 0.04782608695652174 1.0
52 0.9551630434782609 0.5 0.08967391304347827 1.0
