4 0.04801829268292683 0.5 0.09603658536585366 1.0
5 0.13719512195121952 0.5 0.10060975609756098 1.0
1 0.2073170731707317 0.5 0.05365853658536586 1.0
3 0.27743902439024387 0.5 0.10060975609756098 1.0
3 0.36890243902439024 0.5 0.10060975609756098 1.0
3 0.46036585365853655 0.5 0.10060975609756098 1.0
37 0.551829268292683 0.5 0.10060975609756098 1.0
65 0.6707317073170731 0.5 0.16097560975609757 1.0
49 0.7896341463414634 0.5 0.10060975609756098 1.0
60 0.8719512195121951 0.5 0.08048780487804878 1.0
43 0.9496951219512195 0.5 0.10060975609756098 1.0
