52 0.03453947368421052 0.5 0.06907894736842105 1.0
64 0.11842105263157894 0.5 0.11578947368421053 1.0
40 0.2039473684210526 0.5 0.07236842105263158 1.0
59 0.2543859649122807 0.5 0.03859649122807018 1.0
59 0.28947368421052627 0.5 0.03859649122807018 1.0
37 0.33991228070175433 0.5 0.07236842105263158 1.0
61 0.3991228070175439 0.5 0.05789473684210526 1.0
49 0.4583333333333333 0.5 0.07236842105263158 1.0
37 0.5241228070175439 0.5 0.07236842105263158 1.0
64 0.6096491228070176 0.5 0.11578947368421053 1.0
44 0.6951754385964912 0.5 0.07236842105263158 1.0
43 0.7609649122807017 0.5 0.07236842105263158 1.0
58 0.8114035087719298 0.5 0.03859649122807018 1.0
53 0.8618421052631579 0.5 0.07236842105263158 1.0
64 0.9421052631578948 0.5 0.11578947368421053 1.0
