44 0.03957286432160804 0.5 0.07914572864321608 1.0
52 0.11306532663316582 0.5 0.0829145728643216 1.0
61 0.1809045226130653 0.5 0.06633165829145729 1.0
40 0.2487437185929648 0.5 0.0829145728643216 1.0
41 0.32412060301507534 0.5 0.0829145728643216 1.0
59 0.3819095477386934 0.5 0.044221105527638194 1.0
58 0.42211055276381904 0.5 0.044221105527638194 1.0
52 0.47989949748743715 0.5 0.0829145728643216 1.0
46 0.5552763819095476 0.5 0.0829145728643216 1.0
64 0.6532663316582914 0.5 0.13266331658291458 1.0
44 0.7512562814070352 0.5 0.0829145728643216 1.0
48 0.8266331658291457 0.5 0.0829145728643216 1.0
61 0.8944723618090452 0.5 0.06633165829145729 1.0
52 0.9585427135678392 0.5 0.0829145728643216 1.0
