52 0.06402439024390244 0.5 0.12804878048780488 1.0
61 0.17073170731707316 0.5 0.10731707317073172 1.0
44 0.2804878048780488 0.5 0.13414634146341464 1.0
60 0.39024390243902435 0.5 0.10731707317073172 1.0
58 0.4715447154471545 0.5 0.07154471544715449 1.0
59 0.5365853658536585 0.5 0.07154471544715449 1.0
58 0.6016260162601625 0.5 0.07154471544715449 1.0
57 0.6951219512195121 0.5 0.13414634146341464 1.0
44 0.8170731707317074 0.5 0.13414634146341464 1.0
43 0.9329268292682926 0.5 0.13414634146341464 1.0
