16 0.0678370786516854 0.5 0.1356741573033708 1.0
58 0.15168539325842698 0.5 0.04943820224719101 1.0
52 0.21629213483146068 0.5 0.09269662921348315 1.0
40 0.300561797752809 0.5 0.09269662921348315 1.0
60 0.3764044943820225 0.5 0.07415730337078652 1.0
64 0.47752808988764045 0.5 0.14831460674157304 1.0
40 0.5870786516853933 0.5 0.09269662921348315 1.0
64 0.696629213483146 0.5 0.14831460674157304 1.0
44 0.8061797752808989 0.5 0.09269662921348315 1.0
48 0.8904494382022472 0.5 0.09269662921348315 1.0
61 0.9629213483146067 0.5 0.07415730337078652 1.0
