43 0.046052631578947366 0.5 0.09210526315789473 1.0
58 0.1111111111111111 0.5 0.05146198830409357 1.0
52 0.1783625730994152 0.5 0.09649122807017545 1.0
40 0.26608187134502925 0.5 0.09649122807017545 1.0
50 0.3538011695906432 0.5 0.09649122807017545 1.0
50 0.4415204678362573 0.5 0.09649122807017545 1.0
49 0.5292397660818713 0.5 0.09649122807017545 1.0
58 0.5964912280701754 0.5 0.05146198830409357 1.0
48 0.6637426900584795 0.5 0.09649122807017545 1.0
61 0.7426900584795321 0.5 0.07719298245614035 1.0
58 0.8011695906432748 0.5 0.05146198830409357 1.0
48 0.8684210526315789 0.5 0.09649122807017545 1.0
45 0.9517543859649122 0.5 0.09649122807017545 1.0
