50 0.060114503816793896 0.5 0.12022900763358779 1.0
60 0.16030534351145037 0.5 0.10076335877862597 1.0
44 0.2633587786259542 0.5 0.12595419847328246 1.0
63 0.366412213740458 0.5 0.10076335877862597 1.0
44 0.46946564885496184 0.5 0.12595419847328246 1.0
60 0.5725190839694656 0.5 0.10076335877862597 1.0
60 0.6641221374045801 0.5 0.10076335877862597 1.0
58 0.7404580152671756 0.5 0.06717557251908397 1.0
48 0.8282442748091603 0.5 0.12595419847328246 1.0
45 0.9370229007633588 0.5 0.12595419847328246 1.0
