58 0.018666666666666668 0.5 0.037333333333333336 1.0
48 0.06888888888888889 0.5 0.07333333333333333 1.0
42 0.13555555555555554 0.5 0.07333333333333333 1.0
49 0.20222222222222222 0.5 0.07333333333333333 1.0
64 0.28888888888888886 0.5 0.11733333333333335 1.0
50 0.37555555555555553 0.5 0.07333333333333333 1.0
60 0.4355555555555556 0.5 0.05866666666666667 1.0
44 0.4955555555555555 0.5 0.07333333333333333 1.0
46 0.5622222222222222 0.5 0.07333333333333333 1.0
44 0.6288888888888889 0.5 0.07333333333333333 1.0
48 0.6955555555555556 0.5 0.07333333333333333 1.0
52 0.7622222222222222 0.5 0.07333333333333333 1.0
58 0.8133333333333334 0.5 0.03911111111111112 1.0
41 0.8644444444444445 0.5 0.07333333333333333 1.0
59 0.9155555555555556 0.5 0.03911111111111112 1.0
44 0.9633333333333334 0.5 0.07333333333333333 1.0
