53 0.05706521739130435 0.5 0.1141304347826087 1.0
48 0.16304347826086957 0.5 0.11956521739130435 1.0
58 0.24637681159420288 0.5 0.063768115942029 1.0
48 0.32971014492753625 0.5 0.11956521739130435 1.0
58 0.41304347826086957 0.5 0.063768115942029 1.0
61 0.48550724637681153 0.5 0.09565217391304348 1.0
58 0.5579710144927537 0.5 0.063768115942029 1.0
40 0.6413043478260869 0.5 0.11956521739130435 1.0
61 0.7391304347826086 0.5 0.09565217391304348 1.0
44 0.8369565217391305 0.5 0.11956521739130435 1.0
43 0.9402173913043478 0.5 0.11956521739130435 1.0
