40 0.05921052631578947 0.5 0.11842105263157894 1.0
42 0.16917293233082706 0.5 0.12406015037593986 1.0
42 0.28195488721804507 0.5 0.12406015037593986 1.0
58 0.3684210526315789 0.5 0.0661654135338346 1.0
43 0.4548872180451128 0.5 0.12406015037593986 1.0
44 0.5676691729323308 0.5 0.12406015037593986 1.0
48 0.6804511278195488 0.5 0.12406015037593986 1.0
61 0.7819548872180451 0.5 0.09924812030075188 1.0
40 0.8834586466165413 0.5 0.12406015037593986 1.0
59 0.9669172932330827 0.5 0.0661654135338346 1.0
