43 0.047155688622754495 0.5 0.09431137724550899 1.0
58 0.11377245508982037 0.5 0.05269461077844312 1.0
52 0.18263473053892215 0.5 0.09880239520958084 1.0
61 0.2634730538922156 0.5 0.07904191616766468 1.0
53 0.34431137724550903 0.5 0.09880239520958084 1.0
60 0.4251497005988024 0.5 0.07904191616766468 1.0
41 0.5059880239520957 0.5 0.09880239520958084 1.0
40 0.5958083832335329 0.5 0.09880239520958084 1.0
48 0.6856287425149701 0.5 0.09880239520958084 1.0
42 0.7754491017964071 0.5 0.09880239520958084 1.0
44 0.8652694610778443 0.5 0.09880239520958084 1.0
52 0.9505988023952096 0.5 0.09880239520958084 1.0
