40 0.03879310344827587 0.5 0.07758620689655174 1.0
43 0.11083743842364532 0.5 0.08128078817733991 1.0
54 0.1847290640394089 0.5 0.08128078817733991 1.0
44 0.25862068965517243 0.5 0.08128078817733991 1.0
60 0.32512315270935965 0.5 0.06502463054187192 1.0
61 0.3842364532019705 0.5 0.06502463054187192 1.0
58 0.43349753694581283 0.5 0.043349753694581286 1.0
52 0.49014778325123154 0.5 0.08128078817733991 1.0
44 0.5640394088669951 0.5 0.08128078817733991 1.0
64 0.6600985221674878 0.5 0.13004926108374384 1.0
44 0.7561576354679803 0.5 0.08128078817733991 1.0
48 0.8300492610837439 0.5 0.08128078817733991 1.0
61 0.896551724137931 0.5 0.06502463054187192 1.0
52 0.9593596059113301 0.5 0.08128078817733991 1.0
