4 0.0521523178807947 0.5 0.1043046357615894 1.0
9 0.14900662251655628 0.5 0.10927152317880795 1.0
6 0.24834437086092714 0.5 0.10927152317880795 1.0
1 0.32450331125827814 0.5 0.05827814569536424 1.0
3 0.4006622516556291 0.5 0.10927152317880795 1.0
3 0.49999999999999994 0.5 0.10927152317880795 1.0
3 0.5993377483443708 0.5 0.10927152317880795 1.0
1 0.6754966887417219 0.5 0.05827814569536424 1.0
3 0.7516556291390728 0.5 0.10927152317880795 1.0
3 0.8509933774834437 0.5 0.10927152317880795 1.0
3 0.945364238410596 0.5 0.10927152317880795 1.0
