14 0.069 0.5 0.138 1.0
49 0.17428571428571427 0.5 0.09428571428571429 1.0
53 0.26 0.5 0.09428571428571429 1.0
58 0.3257142857142857 0.5 0.05028571428571429 1.0
59 0.37142857142857144 0.5 0.05028571428571429 1.0
59 0.41714285714285715 0.5 0.05028571428571429 1.0
40 0.4828571428571429 0.5 0.09428571428571429 1.0
41 0.5685714285714285 0.5 0.09428571428571429 1.0
40 0.6542857142857142 0.5 0.09428571428571429 1.0
58 0.7200000000000001 0.5 0.05028571428571429 1.0
52 0.7857142857142857 0.5 0.09428571428571429 1.0
52 0.8714285714285713 0.5 0.09428571428571429 1.0
44 0.9528571428571428 0.5 0.09428571428571429 1.0
