60 0.043448275862068966 0.5 0.08689655172413793 1.0
40 0.13448275862068965 0.5 0.11379310344827587 1.0
43 0.2379310344827586 0.5 0.11379310344827587 1.0
58 0.31724137931034485 0.5 0.0606896551724138 1.0
49 0.39655172413793105 0.5 0.11379310344827587 1.0
40 0.5 0.5 0.11379310344827587 1.0
42 0.603448275862069 0.5 0.11379310344827587 1.0
61 0.696551724137931 0.5 0.0910344827586207 1.0
58 0.7655172413793103 0.5 0.0606896551724138 1.0
54 0.8448275862068966 0.5 0.11379310344827587 1.0
44 0.943103448275862 0.5 0.11379310344827587 1.0
