43 0.057481751824817524 0.5 0.11496350364963505 1.0
58 0.1386861313868613 0.5 0.06423357664233577 1.0
52 0.22262773722627738 0.5 0.12043795620437958 1.0
40 0.33211678832116787 0.5 0.12043795620437958 1.0
52 0.4416058394160584 0.5 0.12043795620437958 1.0
61 0.5401459854014599 0.5 0.09635036496350366 1.0
60 0.6277372262773724 0.5 0.09635036496350366 1.0
49 0.7262773722627738 0.5 0.12043795620437958 1.0
53 0.8357664233576643 0.5 0.12043795620437958 1.0
52 0.9397810218978102 0.5 0.12043795620437958 1.0
