42 0.04552023121387283 0.5 0.09104046242774566 1.0
49 0.13005780346820808 0.5 0.09537572254335261 1.0
64 0.24277456647398843 0.5 0.15260115606936417 1.0
50 0.35549132947976875 0.5 0.09537572254335261 1.0
60 0.4335260115606936 0.5 0.07630057803468208 1.0
49 0.5115606936416185 0.5 0.09537572254335261 1.0
64 0.6242774566473988 0.5 0.15260115606936417 1.0
58 0.7167630057803468 0.5 0.05086705202312139 1.0
52 0.7832369942196531 0.5 0.09537572254335261 1.0
44 0.8699421965317918 0.5 0.09537572254335261 1.0
43 0.9523121387283237 0.5 0.09537572254335261 1.0
