64 0.07590361445783132 0.5 0.15180722891566265 1.0
40 0.1897590361445783 0.5 0.09939759036144578 1.0
45 0.28012048192771083 0.5 0.09939759036144578 1.0
48 0.3704819277108434 0.5 0.09939759036144578 1.0
40 0.4608433734939759 0.5 0.09939759036144578 1.0
48 0.5512048192771084 0.5 0.09939759036144578 1.0
58 0.6204819277108433 0.5 0.05301204819277109 1.0
64 0.7168674698795181 0.5 0.15903614457831325 1.0
58 0.8132530120481928 0.5 0.05301204819277109 1.0
61 0.8734939759036144 0.5 0.07951807228915662 1.0
56 0.9503012048192772 0.5 0.09939759036144578 1.0
