65 0.08289473684210526 0.5 0.16578947368421051 1.0
58 0.18421052631578946 0.5 0.05789473684210526 1.0
42 0.2598684210526316 0.5 0.10855263157894737 1.0
47 0.3585526315789474 0.5 0.10855263157894737 1.0
44 0.45723684210526316 0.5 0.10855263157894737 1.0
43 0.5559210526315789 0.5 0.10855263157894737 1.0
48 0.6546052631578947 0.5 0.10855263157894737 1.0
44 0.7532894736842105 0.5 0.10855263157894737 1.0
52 0.8519736842105262 0.5 0.10855263157894737 1.0
52 0.9457236842105263 0.5 0.10855263157894737 1.0
