58 0.03471074380165289 0.5 0.06942148760330578 1.0
64 0.1652892561983471 0.5 0.2181818181818182 1.0
50 0.32644628099173556 0.5 0.13636363636363638 1.0
59 0.42148760330578516 0.5 0.07272727272727274 1.0
58 0.487603305785124 0.5 0.07272727272727274 1.0
42 0.5826446280991736 0.5 0.13636363636363638 1.0
58 0.6776859504132232 0.5 0.07272727272727274 1.0
61 0.7603305785123968 0.5 0.1090909090909091 1.0
59 0.8429752066115702 0.5 0.07272727272727274 1.0
56 0.9318181818181818 0.5 0.13636363636363638 1.0
