49 0.045000000000000005 0.5 0.09000000000000001 1.0
41 0.12857142857142856 0.5 0.09428571428571429 1.0
62 0.2057142857142857 0.5 0.07542857142857144 1.0
44 0.28285714285714286 0.5 0.09428571428571429 1.0
42 0.3685714285714286 0.5 0.09428571428571429 1.0
61 0.44571428571428573 0.5 0.07542857142857144 1.0
58 0.5028571428571429 0.5 0.05028571428571429 1.0
49 0.5685714285714285 0.5 0.09428571428571429 1.0
48 0.6542857142857142 0.5 0.09428571428571429 1.0
40 0.74 0.5 0.09428571428571429 1.0
41 0.8257142857142857 0.5 0.09428571428571429 1.0
59 0.8914285714285715 0.5 0.05028571428571429 1.0
44 0.9528571428571428 0.5 0.09428571428571429 1.0
