64 0.09197080291970804 0.5 0.18394160583941607 1.0
58 0.20437956204379562 0.5 0.06423357664233577 1.0
59 0.26277372262773724 0.5 0.06423357664233577 1.0
58 0.32116788321167883 0.5 0.06423357664233577 1.0
61 0.39416058394160586 0.5 0.09635036496350366 1.0
40 0.4927007299270073 0.5 0.12043795620437958 1.0
60 0.5912408759124088 0.5 0.09635036496350366 1.0
58 0.6642335766423357 0.5 0.06423357664233577 1.0
52 0.7481751824817519 0.5 0.12043795620437958 1.0
61 0.8467153284671534 0.5 0.09635036496350366 1.0
52 0.9397810218978102 0.5 0.12043795620437958 1.0
