64 0.10677966101694916 0.5 0.21355932203389832 1.0
58 0.23728813559322035 0.5 0.07457627118644068 1.0
59 0.3050847457627119 0.5 0.07457627118644068 1.0
58 0.3728813559322034 0.5 0.07457627118644068 1.0
61 0.4576271186440678 0.5 0.11186440677966103 1.0
40 0.5720338983050848 0.5 0.1398305084745763 1.0
60 0.6864406779661016 0.5 0.11186440677966103 1.0
58 0.7711864406779662 0.5 0.07457627118644068 1.0
59 0.8389830508474577 0.5 0.07457627118644068 1.0
56 0.9300847457627118 0.5 0.1398305084745763 1.0
