48 0.037679425837320576 0.5 0.07535885167464115 1.0
44 0.1076555023923445 0.5 0.07894736842105264 1.0
40 0.17942583732057416 0.5 0.07894736842105264 1.0
60 0.24401913875598089 0.5 0.06315789473684211 1.0
37 0.30861244019138756 0.5 0.07894736842105264 1.0
43 0.38038277511961727 0.5 0.07894736842105264 1.0
58 0.4354066985645933 0.5 0.042105263157894736 1.0
52 0.4904306220095694 0.5 0.07894736842105264 1.0
40 0.562200956937799 0.5 0.07894736842105264 1.0
52 0.6339712918660287 0.5 0.07894736842105264 1.0
61 0.6985645933014354 0.5 0.06315789473684211 1.0
60 0.7559808612440192 0.5 0.06315789473684211 1.0
49 0.8205741626794258 0.5 0.07894736842105264 1.0
53 0.8923444976076556 0.5 0.07894736842105264 1.0
52 0.9605263157894737 0.5 0.07894736842105264 1.0
