42 0.035 0.5 0.07 1.0
46 0.1 0.5 0.07333333333333333 1.0
40 0.16666666666666666 0.5 0.07333333333333333 1.0
60 0.22666666666666668 0.5 0.05866666666666667 1.0
40 0.2866666666666667 0.5 0.07333333333333333 1.0
42 0.35333333333333333 0.5 0.07333333333333333 1.0
61 0.41333333333333333 0.5 0.05866666666666667 1.0
44 0.47333333333333333 0.5 0.07333333333333333 1.0
60 0.5333333333333333 0.5 0.05866666666666667 1.0
37 0.5933333333333334 0.5 0.07333333333333333 1.0
40 0.66 0.5 0.07333333333333333 1.0
42 0.7266666666666667 0.5 0.07333333333333333 1.0
61 0.7866666666666666 0.5 0.05866666666666667 1.0
49 0.8466666666666667 0.5 0.07333333333333333 1.0
60 0.9066666666666666 0.5 0.05866666666666667 1.0
52 0.9633333333333334 0.5 0.07333333333333333 1.0
