50 0.053571428571428575 0.5 0.10714285714285715 1.0
60 0.14285714285714285 0.5 0.08979591836734693 1.0
44 0.2346938775510204 0.5 0.11224489795918369 1.0
59 0.31292517006802717 0.5 0.0598639455782313 1.0
58 0.36734693877551017 0.5 0.0598639455782313 1.0
64 0.47619047619047616 0.5 0.17959183673469387 1.0
58 0.5850340136054422 0.5 0.0598639455782313 1.0
48 0.6632653061224489 0.5 0.11224489795918369 1.0
40 0.7653061224489797 0.5 0.11224489795918369 1.0
60 0.8571428571428572 0.5 0.08979591836734693 1.0
56 0.9438775510204082 0.5 0.11224489795918369 1.0
