40 0.04801829268292683 0.5 0.09603658536585366 1.0
48 0.13719512195121952 0.5 0.10060975609756098 1.0
40 0.22865853658536583 0.5 0.10060975609756098 1.0
44 0.3201219512195122 0.5 0.10060975609756098 1.0
52 0.4115853658536585 0.5 0.10060975609756098 1.0
61 0.4939024390243902 0.5 0.08048780487804878 1.0
46 0.576219512195122 0.5 0.10060975609756098 1.0
44 0.6676829268292683 0.5 0.10060975609756098 1.0
61 0.75 0.5 0.08048780487804878 1.0
58 0.8109756097560976 0.5 0.05365853658536586 1.0
52 0.8810975609756098 0.5 0.10060975609756098 1.0
61 0.9597560975609756 0.5 0.08048780487804878 1.0
