40 0.04449152542372881 0.5 0.08898305084745763 1.0
43 0.1271186440677966 0.5 0.09322033898305085 1.0
64 0.23728813559322032 0.5 0.14915254237288136 1.0
58 0.327683615819209 0.5 0.04971751412429379 1.0
48 0.3926553672316384 0.5 0.09322033898305085 1.0
58 0.4576271186440678 0.5 0.04971751412429379 1.0
52 0.5225988700564972 0.5 0.09322033898305085 1.0
61 0.5988700564971752 0.5 0.07457627118644068 1.0
44 0.675141242937853 0.5 0.09322033898305085 1.0
60 0.751412429378531 0.5 0.07457627118644068 1.0
58 0.807909604519774 0.5 0.04971751412429379 1.0
48 0.8728813559322034 0.5 0.09322033898305085 1.0
45 0.9533898305084746 0.5 0.09322033898305085 1.0
