52 0.060576923076923084 0.5 0.12115384615384617 1.0
58 0.14615384615384616 0.5 0.0676923076923077 1.0
61 0.2230769230769231 0.5 0.10153846153846155 1.0
53 0.326923076923077 0.5 0.12692307692307694 1.0
40 0.44230769230769235 0.5 0.12692307692307694 1.0
61 0.5461538461538462 0.5 0.10153846153846155 1.0
58 0.6230769230769231 0.5 0.0676923076923077 1.0
49 0.7115384615384616 0.5 0.12692307692307694 1.0
48 0.826923076923077 0.5 0.12692307692307694 1.0
52 0.9365384615384615 0.5 0.12692307692307694 1.0
