65 0.08289473684210526 0.5 0.16578947368421051 1.0
40 0.20723684210526316 0.5 0.10855263157894737 1.0
52 0.3059210526315789 0.5 0.10855263157894737 1.0
46 0.40460526315789475 0.5 0.10855263157894737 1.0
58 0.48026315789473684 0.5 0.05789473684210526 1.0
48 0.5559210526315789 0.5 0.10855263157894737 1.0
45 0.6546052631578947 0.5 0.10855263157894737 1.0
37 0.7532894736842105 0.5 0.10855263157894737 1.0
53 0.8519736842105262 0.5 0.10855263157894737 1.0
50 0.9457236842105263 0.5 0.10855263157894737 1.0
