48 0.05285234899328859 0.5 0.10570469798657718 1.0
44 0.15100671140939598 0.5 0.11073825503355705 1.0
45 0.25167785234899326 0.5 0.11073825503355705 1.0
49 0.3523489932885906 0.5 0.11073825503355705 1.0
61 0.44295302013422816 0.5 0.08859060402684564 1.0
58 0.5100671140939597 0.5 0.059060402684563765 1.0
40 0.587248322147651 0.5 0.11073825503355705 1.0
61 0.6778523489932886 0.5 0.08859060402684564 1.0
49 0.7684563758389261 0.5 0.11073825503355705 1.0
60 0.8590604026845636 0.5 0.08859060402684564 1.0
52 0.9446308724832215 0.5 0.11073825503355705 1.0
