60 0.04038461538461539 0.5 0.08076923076923077 1.0
44 0.125 0.5 0.10576923076923078 1.0
50 0.22115384615384615 0.5 0.10576923076923078 1.0
60 0.3076923076923077 0.5 0.08461538461538462 1.0
44 0.3942307692307692 0.5 0.10576923076923078 1.0
52 0.4903846153846154 0.5 0.10576923076923078 1.0
44 0.5865384615384617 0.5 0.10576923076923078 1.0
48 0.6826923076923078 0.5 0.10576923076923078 1.0
61 0.7692307692307693 0.5 0.08461538461538462 1.0
44 0.8557692307692308 0.5 0.10576923076923078 1.0
43 0.9471153846153846 0.5 0.10576923076923078 1.0
