63 0.048091603053435114 0.5 0.09618320610687023 1.0
49 0.14885496183206107 0.5 0.12595419847328246 1.0
60 0.2519083969465649 0.5 0.10076335877862597 1.0
44 0.3549618320610687 0.5 0.12595419847328246 1.0
63 0.45801526717557256 0.5 0.10076335877862597 1.0
58 0.5343511450381679 0.5 0.06717557251908397 1.0
48 0.6221374045801527 0.5 0.12595419847328246 1.0
45 0.7366412213740459 0.5 0.12595419847328246 1.0
44 0.851145038167939 0.5 0.12595419847328246 1.0
60 0.949618320610687 0.5 0.10076335877862597 1.0
