52 0.057481751824817524 0.5 0.11496350364963505 1.0
61 0.15328467153284672 0.5 0.09635036496350366 1.0
53 0.2518248175182482 0.5 0.12043795620437958 1.0
41 0.3613138686131387 0.5 0.12043795620437958 1.0
41 0.47080291970802923 0.5 0.12043795620437958 1.0
49 0.5802919708029197 0.5 0.12043795620437958 1.0
60 0.6788321167883211 0.5 0.09635036496350366 1.0
48 0.7773722627737226 0.5 0.12043795620437958 1.0
59 0.8613138686131387 0.5 0.06423357664233577 1.0
56 0.9397810218978102 0.5 0.12043795620437958 1.0
