61 0.03841463414634146 0.5 0.07682926829268293 1.0
60 0.1097560975609756 0.5 0.08048780487804878 1.0
40 0.19207317073170732 0.5 0.10060975609756098 1.0
48 0.28353658536585363 0.5 0.10060975609756098 1.0
52 0.37499999999999994 0.5 0.10060975609756098 1.0
50 0.4664634146341463 0.5 0.10060975609756098 1.0
59 0.5365853658536586 0.5 0.05365853658536586 1.0
40 0.6067073170731707 0.5 0.10060975609756098 1.0
48 0.6981707317073171 0.5 0.10060975609756098 1.0
61 0.7804878048780488 0.5 0.08048780487804878 1.0
44 0.8628048780487805 0.5 0.10060975609756098 1.0
43 0.9496951219512195 0.5 0.10060975609756098 1.0
