38 0.09963503649635036 0.5 0.19927007299270072 1.0
40 0.24452554744525545 0.5 0.12043795620437958 1.0
60 0.3430656934306569 0.5 0.09635036496350366 1.0
52 0.44160583941605835 0.5 0.12043795620437958 1.0
46 0.551094890510949 0.5 0.12043795620437958 1.0
40 0.6605839416058394 0.5 0.12043795620437958 1.0
59 0.7445255474452555 0.5 0.06423357664233577 1.0
59 0.8029197080291971 0.5 0.06423357664233577 1.0
2 0.8613138686131386 0.5 0.06423357664233577 1.0
52 0.9397810218978102 0.5 0.12043795620437958 1.0
