38 0.08806451612903227 0.5 0.17612903225806453 1.0
40 0.2161290322580645 0.5 0.10645161290322581 1.0
59 0.2903225806451613 0.5 0.0567741935483871 1.0
40 0.3645161290322581 0.5 0.10645161290322581 1.0
42 0.4612903225806452 0.5 0.10645161290322581 1.0
46 0.5580645161290322 0.5 0.10645161290322581 1.0
58 0.632258064516129 0.5 0.0567741935483871 1.0
40 0.7064516129032258 0.5 0.10645161290322581 1.0
52 0.8032258064516129 0.5 0.10645161290322581 1.0
2 0.8774193548387096 0.5 0.0567741935483871 1.0
52 0.9467741935483871 0.5 0.10645161290322581 1.0
