63 0.048461538461538466 0.5 0.09692307692307693 1.0
58 0.12307692307692308 0.5 0.0676923076923077 1.0
48 0.21153846153846156 0.5 0.12692307692307694 1.0
40 0.326923076923077 0.5 0.12692307692307694 1.0
48 0.44230769230769235 0.5 0.12692307692307694 1.0
42 0.5576923076923077 0.5 0.12692307692307694 1.0
58 0.6461538461538462 0.5 0.0676923076923077 1.0
44 0.7346153846153847 0.5 0.12692307692307694 1.0
60 0.8384615384615386 0.5 0.10153846153846155 1.0
52 0.9365384615384615 0.5 0.12692307692307694 1.0
