20 0.0723053892215569 0.5 0.1446107784431138 1.0
44 0.18263473053892215 0.5 0.09880239520958084 1.0
59 0.251497005988024 0.5 0.05269461077844312 1.0
58 0.29940119760479045 0.5 0.05269461077844312 1.0
49 0.36826347305389223 0.5 0.09880239520958084 1.0
45 0.4580838323353294 0.5 0.09880239520958084 1.0
40 0.5479041916167664 0.5 0.09880239520958084 1.0
41 0.6377245508982036 0.5 0.09880239520958084 1.0
40 0.7275449101796407 0.5 0.09880239520958084 1.0
59 0.7964071856287425 0.5 0.05269461077844312 1.0
53 0.8652694610778443 0.5 0.09880239520958084 1.0
52 0.9505988023952096 0.5 0.09880239520958084 1.0
