60 0.04228187919463087 0.5 0.08456375838926174 1.0
44 0.1308724832214765 0.5 0.11073825503355705 1.0
42 0.23154362416107382 0.5 0.11073825503355705 1.0
60 0.3221476510067114 0.5 0.08859060402684564 1.0
44 0.41275167785234895 0.5 0.11073825503355705 1.0
40 0.5134228187919463 0.5 0.11073825503355705 1.0
61 0.6040268456375839 0.5 0.08859060402684564 1.0
58 0.6711409395973154 0.5 0.059060402684563765 1.0
49 0.7483221476510067 0.5 0.11073825503355705 1.0
48 0.848993288590604 0.5 0.11073825503355705 1.0
52 0.9446308724832215 0.5 0.11073825503355705 1.0
