54 0.05048076923076924 0.5 0.10096153846153848 1.0
58 0.1217948717948718 0.5 0.05641025641025641 1.0
42 0.1955128205128205 0.5 0.10576923076923078 1.0
58 0.2692307692307693 0.5 0.05641025641025641 1.0
52 0.34294871794871795 0.5 0.10576923076923078 1.0
52 0.4391025641025641 0.5 0.10576923076923078 1.0
58 0.5128205128205129 0.5 0.05641025641025641 1.0
61 0.5769230769230769 0.5 0.08461538461538462 1.0
53 0.6634615384615385 0.5 0.10576923076923078 1.0
43 0.7596153846153847 0.5 0.10576923076923078 1.0
44 0.8557692307692308 0.5 0.10576923076923078 1.0
52 0.9471153846153846 0.5 0.10576923076923078 1.0
