53 0.040803108808290155 0.5 0.08160621761658031 1.0
48 0.11658031088082901 0.5 0.08549222797927461 1.0
60 0.18652849740932642 0.5 0.0683937823834197 1.0
44 0.25647668393782386 0.5 0.08549222797927461 1.0
42 0.3341968911917098 0.5 0.08549222797927461 1.0
49 0.4119170984455959 0.5 0.08549222797927461 1.0
45 0.48963730569948183 0.5 0.08549222797927461 1.0
48 0.5673575129533679 0.5 0.08549222797927461 1.0
58 0.626943005181347 0.5 0.0455958549222798 1.0
52 0.6865284974093264 0.5 0.08549222797927461 1.0
40 0.7642487046632125 0.5 0.08549222797927461 1.0
41 0.8419689119170984 0.5 0.08549222797927461 1.0
59 0.9015544041450777 0.5 0.0455958549222798 1.0
44 0.9572538860103627 0.5 0.08549222797927461 1.0
