58 0.03333333333333333 0.5 0.06666666666666667 1.0
48 0.12301587301587301 0.5 0.13095238095238096 1.0
42 0.24206349206349204 0.5 0.13095238095238096 1.0
60 0.3492063492063492 0.5 0.10476190476190476 1.0
44 0.45634920634920634 0.5 0.13095238095238096 1.0
43 0.5753968253968254 0.5 0.13095238095238096 1.0
58 0.6666666666666666 0.5 0.06984126984126984 1.0
41 0.7579365079365079 0.5 0.13095238095238096 1.0
59 0.8492063492063492 0.5 0.06984126984126984 1.0
44 0.9345238095238095 0.5 0.13095238095238096 1.0
