52 0.058768656716417914 0.5 0.11753731343283583 1.0
61 0.15671641791044777 0.5 0.09850746268656717 1.0
40 0.2574626865671642 0.5 0.12313432835820896 1.0
60 0.35820895522388063 0.5 0.09850746268656717 1.0
54 0.458955223880597 0.5 0.12313432835820896 1.0
40 0.5708955223880597 0.5 0.12313432835820896 1.0
61 0.6716417910447762 0.5 0.09850746268656717 1.0
58 0.7462686567164178 0.5 0.06567164179104477 1.0
49 0.832089552238806 0.5 0.12313432835820896 1.0
48 0.9384328358208955 0.5 0.12313432835820896 1.0
