59 0.01935483870967742 0.5 0.03870967741935484 1.0
58 0.05529953917050691 0.5 0.04055299539170507 1.0
54 0.10829493087557604 0.5 0.07603686635944702 1.0
44 0.1774193548387097 0.5 0.07603686635944702 1.0
37 0.24654377880184336 0.5 0.07603686635944702 1.0
40 0.315668202764977 0.5 0.07603686635944702 1.0
48 0.38479262672811065 0.5 0.07603686635944702 1.0
43 0.4539170506912443 0.5 0.07603686635944702 1.0
37 0.5230414746543779 0.5 0.07603686635944702 1.0
59 0.5760368663594471 0.5 0.04055299539170507 1.0
44 0.6290322580645162 0.5 0.07603686635944702 1.0
61 0.6912442396313364 0.5 0.06082949308755761 1.0
37 0.7534562211981567 0.5 0.07603686635944702 1.0
59 0.8064516129032259 0.5 0.04055299539170507 1.0
58 0.8433179723502305 0.5 0.04055299539170507 1.0
54 0.8963133640552996 0.5 0.07603686635944702 1.0
44 0.9619815668202765 0.5 0.07603686635944702 1.0
