43 0.05506993006993007 0.5 0.11013986013986014 1.0
58 0.13286713286713286 0.5 0.06153846153846154 1.0
63 0.20279720279720279 0.5 0.09230769230769231 1.0
63 0.2867132867132867 0.5 0.09230769230769231 1.0
58 0.35664335664335667 0.5 0.06153846153846154 1.0
42 0.4370629370629371 0.5 0.11538461538461539 1.0
53 0.541958041958042 0.5 0.11538461538461539 1.0
59 0.6223776223776224 0.5 0.06153846153846154 1.0
61 0.6923076923076923 0.5 0.09230769230769231 1.0
58 0.7622377622377623 0.5 0.06153846153846154 1.0
44 0.8426573426573427 0.5 0.11538461538461539 1.0
52 0.9423076923076923 0.5 0.11538461538461539 1.0
