40 0.058768656716417914 0.5 0.11753731343283583 1.0
59 0.1417910447761194 0.5 0.06567164179104477 1.0
59 0.20149253731343283 0.5 0.06567164179104477 1.0
44 0.2873134328358209 0.5 0.12313432835820896 1.0
45 0.39925373134328357 0.5 0.12313432835820896 1.0
49 0.5111940298507462 0.5 0.12313432835820896 1.0
60 0.6119402985074627 0.5 0.09850746268656717 1.0
58 0.6865671641791045 0.5 0.06567164179104477 1.0
42 0.7723880597014925 0.5 0.12313432835820896 1.0
40 0.8843283582089553 0.5 0.12313432835820896 1.0
59 0.9671641791044776 0.5 0.06567164179104477 1.0
