64 0.09402985074626866 0.5 0.1880597014925373 1.0
58 0.208955223880597 0.5 0.06567164179104477 1.0
59 0.26865671641791045 0.5 0.06567164179104477 1.0
58 0.32835820895522383 0.5 0.06567164179104477 1.0
61 0.40298507462686567 0.5 0.09850746268656717 1.0
40 0.503731343283582 0.5 0.12313432835820896 1.0
60 0.6044776119402985 0.5 0.09850746268656717 1.0
58 0.6791044776119403 0.5 0.06567164179104477 1.0
52 0.7649253731343283 0.5 0.12313432835820896 1.0
64 0.9014925373134328 0.5 0.19701492537313434 1.0
