58 0.0302158273381295 0.5 0.060431654676259 1.0
48 0.11151079136690648 0.5 0.11870503597122302 1.0
52 0.21942446043165467 0.5 0.11870503597122302 1.0
61 0.31654676258992803 0.5 0.09496402877697843 1.0
40 0.4136690647482014 0.5 0.11870503597122302 1.0
59 0.4964028776978417 0.5 0.06330935251798563 1.0
64 0.6115107913669064 0.5 0.18992805755395686 1.0
44 0.7517985611510791 0.5 0.11870503597122302 1.0
48 0.8597122302158273 0.5 0.11870503597122302 1.0
61 0.9525179856115108 0.5 0.09496402877697843 1.0
