25 0.0827054794520548 0.5 0.1654109589041096 1.0
60 0.19863013698630136 0.5 0.09041095890410959 1.0
40 0.2910958904109589 0.5 0.113013698630137 1.0
42 0.39383561643835613 0.5 0.113013698630137 1.0
61 0.4863013698630137 0.5 0.09041095890410959 1.0
58 0.5547945205479452 0.5 0.06027397260273973 1.0
42 0.6335616438356164 0.5 0.113013698630137 1.0
40 0.7363013698630136 0.5 0.113013698630137 1.0
59 0.8150684931506849 0.5 0.06027397260273973 1.0
59 0.8698630136986301 0.5 0.06027397260273973 1.0
56 0.9434931506849316 0.5 0.113013698630137 1.0
