63 0.036000000000000004 0.5 0.07200000000000001 1.0
58 0.09142857142857143 0.5 0.05028571428571429 1.0
54 0.15714285714285714 0.5 0.09428571428571429 1.0
44 0.24285714285714288 0.5 0.09428571428571429 1.0
37 0.32857142857142857 0.5 0.09428571428571429 1.0
56 0.4142857142857143 0.5 0.09428571428571429 1.0
44 0.5 0.5 0.09428571428571429 1.0
40 0.5857142857142856 0.5 0.09428571428571429 1.0
60 0.6628571428571428 0.5 0.07542857142857144 1.0
37 0.74 0.5 0.09428571428571429 1.0
49 0.8257142857142857 0.5 0.09428571428571429 1.0
59 0.8914285714285715 0.5 0.05028571428571429 1.0
43 0.9528571428571428 0.5 0.09428571428571429 1.0
