61 0.030731707317073174 0.5 0.06146341463414635 1.0
65 0.11707317073170732 0.5 0.12878048780487808 1.0
49 0.21219512195121953 0.5 0.08048780487804878 1.0
37 0.28536585365853656 0.5 0.08048780487804878 1.0
61 0.351219512195122 0.5 0.06439024390243904 1.0
46 0.4170731707317073 0.5 0.08048780487804878 1.0
58 0.4731707317073171 0.5 0.042926829268292686 1.0
60 0.5219512195121951 0.5 0.06439024390243904 1.0
61 0.5804878048780489 0.5 0.06439024390243904 1.0
56 0.6463414634146342 0.5 0.08048780487804878 1.0
37 0.7195121951219513 0.5 0.08048780487804878 1.0
63 0.7853658536585366 0.5 0.06439024390243904 1.0
58 0.8341463414634147 0.5 0.042926829268292686 1.0
54 0.8902439024390244 0.5 0.08048780487804878 1.0
44 0.9597560975609756 0.5 0.08048780487804878 1.0
