14 0.07594339622641509 0.5 0.15188679245283018 1.0
58 0.16981132075471697 0.5 0.05534591194968554 1.0
60 0.23270440251572327 0.5 0.08301886792452831 1.0
64 0.34591194968553457 0.5 0.16603773584905662 1.0
58 0.44654088050314467 0.5 0.05534591194968554 1.0
48 0.5188679245283019 0.5 0.1037735849056604 1.0
45 0.6132075471698113 0.5 0.1037735849056604 1.0
46 0.7075471698113207 0.5 0.1037735849056604 1.0
40 0.8018867924528302 0.5 0.1037735849056604 1.0
64 0.9169811320754717 0.5 0.16603773584905662 1.0
