53 0.04801829268292683 0.5 0.09603658536585366 1.0
48 0.13719512195121952 0.5 0.10060975609756098 1.0
58 0.2073170731707317 0.5 0.05365853658536586 1.0
64 0.3048780487804878 0.5 0.16097560975609757 1.0
50 0.42378048780487804 0.5 0.10060975609756098 1.0
60 0.5060975609756098 0.5 0.08048780487804878 1.0
44 0.5884146341463415 0.5 0.10060975609756098 1.0
52 0.6798780487804879 0.5 0.10060975609756098 1.0
52 0.7713414634146342 0.5 0.10060975609756098 1.0
44 0.8628048780487805 0.5 0.10060975609756098 1.0
43 0.9496951219512195 0.5 0.10060975609756098 1.0
