28 0.08104026845637584 0.5 0.16208053691275168 1.0
53 0.2046979865771812 0.5 0.11073825503355705 1.0
50 0.30536912751677847 0.5 0.11073825503355705 1.0
50 0.4060402684563758 0.5 0.11073825503355705 1.0
49 0.5067114093959731 0.5 0.11073825503355705 1.0
60 0.5973154362416107 0.5 0.08859060402684564 1.0
61 0.6778523489932886 0.5 0.08859060402684564 1.0
44 0.7684563758389261 0.5 0.11073825503355705 1.0
60 0.8590604026845636 0.5 0.08859060402684564 1.0
52 0.9446308724832215 0.5 0.11073825503355705 1.0
