65 0.08235294117647059 0.5 0.16470588235294117 1.0
46 0.20588235294117646 0.5 0.10784313725490197 1.0
40 0.30392156862745096 0.5 0.10784313725490197 1.0
61 0.392156862745098 0.5 0.08627450980392158 1.0
52 0.4803921568627451 0.5 0.10784313725490197 1.0
49 0.5784313725490197 0.5 0.10784313725490197 1.0
44 0.6764705882352942 0.5 0.10784313725490197 1.0
54 0.7745098039215687 0.5 0.10784313725490197 1.0
44 0.8725490196078431 0.5 0.10784313725490197 1.0
60 0.9568627450980393 0.5 0.08627450980392158 1.0
