50 0.04525862068965518 0.5 0.09051724137931036 1.0
60 0.1206896551724138 0.5 0.07586206896551724 1.0
44 0.19827586206896552 0.5 0.09482758620689656 1.0
43 0.28448275862068967 0.5 0.09482758620689656 1.0
44 0.3706896551724138 0.5 0.09482758620689656 1.0
42 0.456896551724138 0.5 0.09482758620689656 1.0
44 0.5431034482758621 0.5 0.09482758620689656 1.0
52 0.6293103448275863 0.5 0.09482758620689656 1.0
52 0.7155172413793104 0.5 0.09482758620689656 1.0
49 0.8017241379310346 0.5 0.09482758620689656 1.0
60 0.8793103448275862 0.5 0.07586206896551724 1.0
52 0.9525862068965517 0.5 0.09482758620689656 1.0
