53 0.04399441340782123 0.5 0.08798882681564246 1.0
48 0.12569832402234637 0.5 0.09217877094972067 1.0
60 0.20111731843575417 0.5 0.07374301675977654 1.0
44 0.27653631284916197 0.5 0.09217877094972067 1.0
43 0.36033519553072624 0.5 0.09217877094972067 1.0
44 0.44413407821229045 0.5 0.09217877094972067 1.0
44 0.5279329608938548 0.5 0.09217877094972067 1.0
64 0.6368715083798883 0.5 0.14748603351955308 1.0
40 0.7458100558659218 0.5 0.09217877094972067 1.0
41 0.8296089385474861 0.5 0.09217877094972067 1.0
59 0.8938547486033519 0.5 0.04916201117318436 1.0
44 0.9539106145251397 0.5 0.09217877094972067 1.0
