58 0.027272727272727275 0.5 0.05454545454545455 1.0
48 0.10064935064935066 0.5 0.10714285714285715 1.0
42 0.19805194805194803 0.5 0.10714285714285715 1.0
60 0.28571428571428575 0.5 0.08571428571428572 1.0
44 0.37337662337662336 0.5 0.10714285714285715 1.0
64 0.5 0.5 0.17142857142857143 1.0
44 0.6266233766233766 0.5 0.10714285714285715 1.0
48 0.724025974025974 0.5 0.10714285714285715 1.0
61 0.8116883116883117 0.5 0.08571428571428572 1.0
40 0.8993506493506493 0.5 0.10714285714285715 1.0
59 0.9714285714285714 0.5 0.05714285714285715 1.0
