52 0.05015923566878981 0.5 0.10031847133757962 1.0
40 0.14331210191082805 0.5 0.1050955414012739 1.0
61 0.22929936305732485 0.5 0.08407643312101912 1.0
58 0.2929936305732484 0.5 0.05605095541401275 1.0
52 0.36624203821656054 0.5 0.1050955414012739 1.0
63 0.45222929936305734 0.5 0.08407643312101912 1.0
40 0.5382165605095541 0.5 0.1050955414012739 1.0
42 0.6337579617834395 0.5 0.1050955414012739 1.0
61 0.7197452229299364 0.5 0.08407643312101912 1.0
58 0.7834394904458599 0.5 0.05605095541401275 1.0
49 0.856687898089172 0.5 0.1050955414012739 1.0
48 0.947452229299363 0.5 0.1050955414012739 1.0
