42 0.04891304347826087 0.5 0.09782608695652174 1.0
49 0.13975155279503104 0.5 0.10248447204968944 1.0
64 0.2608695652173913 0.5 0.16397515527950313 1.0
64 0.40993788819875776 0.5 0.16397515527950313 1.0
53 0.5310559006211181 0.5 0.10248447204968944 1.0
48 0.6242236024844721 0.5 0.10248447204968944 1.0
58 0.6956521739130435 0.5 0.0546583850931677 1.0
51 0.767080745341615 0.5 0.10248447204968944 1.0
53 0.860248447204969 0.5 0.10248447204968944 1.0
44 0.9487577639751553 0.5 0.10248447204968944 1.0
