60 0.049606299212598425 0.5 0.09921259842519685 1.0
44 0.15354330708661418 0.5 0.1299212598425197 1.0
50 0.27165354330708663 0.5 0.1299212598425197 1.0
44 0.38976377952755903 0.5 0.1299212598425197 1.0
61 0.49606299212598426 0.5 0.10393700787401576 1.0
58 0.5748031496062993 0.5 0.06929133858267716 1.0
61 0.6535433070866142 0.5 0.10393700787401576 1.0
58 0.7322834645669292 0.5 0.06929133858267716 1.0
49 0.8228346456692913 0.5 0.1299212598425197 1.0
48 0.9350393700787402 0.5 0.1299212598425197 1.0
