13 0.060678391959798995 0.5 0.12135678391959799 1.0
64 0.1758793969849246 0.5 0.13266331658291458 1.0
44 0.27386934673366836 0.5 0.0829145728643216 1.0
60 0.3417085427135679 0.5 0.06633165829145729 1.0
58 0.39195979899497485 0.5 0.044221105527638194 1.0
42 0.44974874371859297 0.5 0.0829145728643216 1.0
40 0.5251256281407035 0.5 0.0829145728643216 1.0
48 0.6005025125628141 0.5 0.0829145728643216 1.0
37 0.6758793969849246 0.5 0.0829145728643216 1.0
41 0.7512562814070352 0.5 0.0829145728643216 1.0
49 0.8266331658291457 0.5 0.0829145728643216 1.0
60 0.8944723618090452 0.5 0.06633165829145729 1.0
48 0.9585427135678392 0.5 0.0829145728643216 1.0
