50 0.05147058823529412 0.5 0.10294117647058824 1.0
40 0.14705882352941177 0.5 0.10784313725490197 1.0
60 0.23529411764705882 0.5 0.08627450980392158 1.0
61 0.3137254901960784 0.5 0.08627450980392158 1.0
37 0.40196078431372545 0.5 0.10784313725490197 1.0
40 0.5 0.5 0.10784313725490197 1.0
53 0.5980392156862746 0.5 0.10784313725490197 1.0
61 0.6862745098039216 0.5 0.08627450980392158 1.0
46 0.7745098039215687 0.5 0.10784313725490197 1.0
49 0.8725490196078431 0.5 0.10784313725490197 1.0
60 0.9568627450980393 0.5 0.08627450980392158 1.0
