43 0.04632352941176471 0.5 0.09264705882352942 1.0
58 0.11176470588235295 0.5 0.05176470588235294 1.0
52 0.17941176470588238 0.5 0.09705882352941178 1.0
40 0.2676470588235294 0.5 0.09705882352941178 1.0
43 0.3558823529411765 0.5 0.09705882352941178 1.0
54 0.44411764705882356 0.5 0.09705882352941178 1.0
40 0.5323529411764706 0.5 0.09705882352941178 1.0
48 0.6205882352941177 0.5 0.09705882352941178 1.0
61 0.7000000000000001 0.5 0.07764705882352942 1.0
40 0.7794117647058824 0.5 0.09705882352941178 1.0
45 0.8676470588235294 0.5 0.09705882352941178 1.0
44 0.9514705882352941 0.5 0.09705882352941178 1.0
