40 0.058768656716417914 0.5 0.11753731343283583 1.0
59 0.1417910447761194 0.5 0.06567164179104477 1.0
61 0.21641791044776118 0.5 0.09850746268656717 1.0
49 0.3171641791044776 0.5 0.12313432835820896 1.0
45 0.4291044776119403 0.5 0.12313432835820896 1.0
44 0.541044776119403 0.5 0.12313432835820896 1.0
61 0.6417910447761195 0.5 0.09850746268656717 1.0
46 0.7425373134328358 0.5 0.12313432835820896 1.0
44 0.8544776119402985 0.5 0.12313432835820896 1.0
60 0.9507462686567164 0.5 0.09850746268656717 1.0
