52 0.04659763313609468 0.5 0.09319526627218935 1.0
59 0.11242603550295857 0.5 0.05207100591715977 1.0
49 0.1804733727810651 0.5 0.09763313609467456 1.0
65 0.29585798816568043 0.5 0.1562130177514793 1.0
37 0.41124260355029585 0.5 0.09763313609467456 1.0
64 0.5266272189349113 0.5 0.1562130177514793 1.0
49 0.6420118343195266 0.5 0.09763313609467456 1.0
54 0.7307692307692307 0.5 0.09763313609467456 1.0
58 0.7988165680473372 0.5 0.05207100591715977 1.0
48 0.8668639053254438 0.5 0.09763313609467456 1.0
45 0.9511834319526628 0.5 0.09763313609467456 1.0
