64 0.08873239436619719 0.5 0.17746478873239438 1.0
44 0.22183098591549294 0.5 0.11619718309859156 1.0
61 0.3169014084507042 0.5 0.09295774647887324 1.0
46 0.41197183098591544 0.5 0.11619718309859156 1.0
49 0.5176056338028169 0.5 0.11619718309859156 1.0
43 0.6232394366197184 0.5 0.11619718309859156 1.0
58 0.704225352112676 0.5 0.0619718309859155 1.0
42 0.7852112676056339 0.5 0.11619718309859156 1.0
40 0.8908450704225352 0.5 0.11619718309859156 1.0
59 0.9690140845070423 0.5 0.0619718309859155 1.0
