45 0.046875 0.5 0.09375 1.0
49 0.13392857142857142 0.5 0.09821428571428573 1.0
54 0.22321428571428573 0.5 0.09821428571428573 1.0
44 0.3125 0.5 0.09821428571428573 1.0
60 0.39285714285714285 0.5 0.07857142857142857 1.0
48 0.47321428571428575 0.5 0.09821428571428573 1.0
64 0.5892857142857143 0.5 0.15714285714285714 1.0
44 0.7053571428571428 0.5 0.09821428571428573 1.0
48 0.7946428571428571 0.5 0.09821428571428573 1.0
61 0.875 0.5 0.07857142857142857 1.0
52 0.9508928571428571 0.5 0.09821428571428573 1.0
