42 0.04059278350515464 0.5 0.08118556701030928 1.0
49 0.11597938144329897 0.5 0.08505154639175258 1.0
64 0.21649484536082475 0.5 0.13608247422680414 1.0
50 0.3170103092783505 0.5 0.08505154639175258 1.0
60 0.3865979381443299 0.5 0.06804123711340207 1.0
44 0.4561855670103093 0.5 0.08505154639175258 1.0
46 0.5335051546391752 0.5 0.08505154639175258 1.0
44 0.6108247422680412 0.5 0.08505154639175258 1.0
48 0.6881443298969072 0.5 0.08505154639175258 1.0
52 0.7654639175257733 0.5 0.08505154639175258 1.0
58 0.8247422680412372 0.5 0.04536082474226805 1.0
49 0.884020618556701 0.5 0.08505154639175258 1.0
48 0.9574742268041238 0.5 0.08505154639175258 1.0
