63 0.04701492537313433 0.5 0.09402985074626866 1.0
60 0.13432835820895522 0.5 0.09850746268656717 1.0
58 0.208955223880597 0.5 0.06567164179104477 1.0
45 0.2947761194029851 0.5 0.12313432835820896 1.0
46 0.40671641791044777 0.5 0.12313432835820896 1.0
61 0.5074626865671642 0.5 0.09850746268656717 1.0
44 0.6082089552238806 0.5 0.12313432835820896 1.0
48 0.7201492537313433 0.5 0.12313432835820896 1.0
44 0.832089552238806 0.5 0.12313432835820896 1.0
43 0.9384328358208955 0.5 0.12313432835820896 1.0
