41 0.04801829268292683 0.5 0.09603658536585366 1.0
40 0.13719512195121952 0.5 0.10060975609756098 1.0
61 0.21951219512195122 0.5 0.08048780487804878 1.0
61 0.2926829268292683 0.5 0.08048780487804878 1.0
59 0.35365853658536583 0.5 0.05365853658536586 1.0
44 0.42378048780487804 0.5 0.10060975609756098 1.0
37 0.5152439024390244 0.5 0.10060975609756098 1.0
43 0.6067073170731707 0.5 0.10060975609756098 1.0
60 0.6890243902439025 0.5 0.08048780487804878 1.0
44 0.7713414634146342 0.5 0.10060975609756098 1.0
52 0.8628048780487805 0.5 0.10060975609756098 1.0
52 0.9496951219512195 0.5 0.10060975609756098 1.0
