60 0.048091603053435114 0.5 0.09618320610687023 1.0
44 0.14885496183206107 0.5 0.12595419847328246 1.0
52 0.2633587786259542 0.5 0.12595419847328246 1.0
61 0.366412213740458 0.5 0.10076335877862597 1.0
60 0.45801526717557256 0.5 0.10076335877862597 1.0
58 0.5343511450381679 0.5 0.06717557251908397 1.0
42 0.6221374045801527 0.5 0.12595419847328246 1.0
61 0.7251908396946565 0.5 0.10076335877862597 1.0
44 0.8282442748091603 0.5 0.12595419847328246 1.0
43 0.9370229007633588 0.5 0.12595419847328246 1.0
