40 0.04861111111111111 0.5 0.09722222222222222 1.0
52 0.1388888888888889 0.5 0.10185185185185186 1.0
52 0.23148148148148145 0.5 0.10185185185185186 1.0
53 0.32407407407407407 0.5 0.10185185185185186 1.0
60 0.4074074074074074 0.5 0.08148148148148149 1.0
44 0.4907407407407407 0.5 0.10185185185185186 1.0
43 0.5833333333333333 0.5 0.10185185185185186 1.0
48 0.6759259259259258 0.5 0.10185185185185186 1.0
44 0.7685185185185185 0.5 0.10185185185185186 1.0
52 0.861111111111111 0.5 0.10185185185185186 1.0
52 0.9490740740740741 0.5 0.10185185185185186 1.0
