42 0.049528301886792456 0.5 0.09905660377358491 1.0
60 0.1320754716981132 0.5 0.08301886792452831 1.0
49 0.2169811320754717 0.5 0.1037735849056604 1.0
52 0.3113207547169811 0.5 0.1037735849056604 1.0
52 0.4056603773584906 0.5 0.1037735849056604 1.0
37 0.5 0.5 0.1037735849056604 1.0
60 0.5849056603773585 0.5 0.08301886792452831 1.0
49 0.669811320754717 0.5 0.1037735849056604 1.0
40 0.7641509433962265 0.5 0.1037735849056604 1.0
43 0.8584905660377359 0.5 0.1037735849056604 1.0
52 0.9481132075471698 0.5 0.1037735849056604 1.0
