42 0.04801829268292683 0.5 0.09603658536585366 1.0
49 0.13719512195121952 0.5 0.10060975609756098 1.0
48 0.22865853658536583 0.5 0.10060975609756098 1.0
52 0.3201219512195122 0.5 0.10060975609756098 1.0
61 0.40243902439024387 0.5 0.08048780487804878 1.0
60 0.47560975609756095 0.5 0.08048780487804878 1.0
53 0.5579268292682927 0.5 0.10060975609756098 1.0
42 0.649390243902439 0.5 0.10060975609756098 1.0
61 0.7317073170731707 0.5 0.08048780487804878 1.0
58 0.7926829268292683 0.5 0.05365853658536586 1.0
48 0.8628048780487805 0.5 0.10060975609756098 1.0
45 0.9496951219512195 0.5 0.10060975609756098 1.0
