60 0.04144736842105263 0.5 0.08289473684210526 1.0
44 0.1282894736842105 0.5 0.10855263157894737 1.0
52 0.22697368421052633 0.5 0.10855263157894737 1.0
50 0.3256578947368421 0.5 0.10855263157894737 1.0
44 0.4243421052631579 0.5 0.10855263157894737 1.0
42 0.5230263157894737 0.5 0.10855263157894737 1.0
61 0.611842105263158 0.5 0.0868421052631579 1.0
40 0.700657894736842 0.5 0.10855263157894737 1.0
41 0.7993421052631579 0.5 0.10855263157894737 1.0
59 0.875 0.5 0.05789473684210526 1.0
44 0.9457236842105263 0.5 0.10855263157894737 1.0
