41 0.049528301886792456 0.5 0.09905660377358491 1.0
56 0.14150943396226418 0.5 0.1037735849056604 1.0
37 0.2358490566037736 0.5 0.1037735849056604 1.0
50 0.33018867924528306 0.5 0.1037735849056604 1.0
60 0.41509433962264153 0.5 0.08301886792452831 1.0
49 0.5 0.5 0.1037735849056604 1.0
43 0.5943396226415094 0.5 0.1037735849056604 1.0
53 0.6886792452830189 0.5 0.1037735849056604 1.0
42 0.7830188679245284 0.5 0.1037735849056604 1.0
61 0.8679245283018868 0.5 0.08301886792452831 1.0
52 0.9481132075471698 0.5 0.1037735849056604 1.0
