43 0.05706521739130435 0.5 0.1141304347826087 1.0
58 0.13768115942028986 0.5 0.063768115942029 1.0
60 0.21014492753623187 0.5 0.09565217391304348 1.0
44 0.30797101449275366 0.5 0.11956521739130435 1.0
42 0.4166666666666667 0.5 0.11956521739130435 1.0
61 0.5144927536231884 0.5 0.09565217391304348 1.0
58 0.5869565217391305 0.5 0.063768115942029 1.0
49 0.6702898550724637 0.5 0.11956521739130435 1.0
48 0.7789855072463768 0.5 0.11956521739130435 1.0
40 0.8876811594202898 0.5 0.11956521739130435 1.0
59 0.9681159420289855 0.5 0.063768115942029 1.0
