44 0.053209459459459464 0.5 0.10641891891891893 1.0
55 0.15202702702702703 0.5 0.1114864864864865 1.0
42 0.2533783783783784 0.5 0.1114864864864865 1.0
44 0.3547297297297297 0.5 0.1114864864864865 1.0
50 0.4560810810810811 0.5 0.1114864864864865 1.0
61 0.5472972972972974 0.5 0.08918918918918921 1.0
58 0.6148648648648649 0.5 0.05945945945945947 1.0
49 0.6925675675675675 0.5 0.1114864864864865 1.0
48 0.793918918918919 0.5 0.1114864864864865 1.0
40 0.8952702702702703 0.5 0.1114864864864865 1.0
59 0.9702702702702702 0.5 0.05945945945945947 1.0
