52 0.058333333333333334 0.5 0.11666666666666667 1.0
61 0.15555555555555556 0.5 0.09777777777777778 1.0
40 0.25555555555555554 0.5 0.12222222222222223 1.0
61 0.35555555555555557 0.5 0.09777777777777778 1.0
58 0.42962962962962964 0.5 0.0651851851851852 1.0
52 0.5148148148148148 0.5 0.12222222222222223 1.0
61 0.6148148148148148 0.5 0.09777777777777778 1.0
58 0.6888888888888889 0.5 0.0651851851851852 1.0
42 0.7740740740740741 0.5 0.12222222222222223 1.0
40 0.8851851851851852 0.5 0.12222222222222223 1.0
59 0.9674074074074074 0.5 0.0651851851851852 1.0
