64 0.041176470588235294 0.5 0.08235294117647059 1.0
58 0.0915032679738562 0.5 0.028758169934640525 1.0
43 0.12908496732026145 0.5 0.05392156862745098 1.0
43 0.1781045751633987 0.5 0.05392156862745098 1.0
59 0.21568627450980393 0.5 0.028758169934640525 1.0
44 0.25326797385620914 0.5 0.05392156862745098 1.0
37 0.30228758169934644 0.5 0.05392156862745098 1.0
58 0.33986928104575165 0.5 0.028758169934640525 1.0
48 0.3774509803921569 0.5 0.05392156862745098 1.0
42 0.42647058823529416 0.5 0.05392156862745098 1.0
49 0.4754901960784314 0.5 0.05392156862745098 1.0
64 0.5392156862745098 0.5 0.08627450980392158 1.0
44 0.6029411764705882 0.5 0.05392156862745098 1.0
37 0.6519607843137255 0.5 0.05392156862745098 1.0
41 0.7009803921568628 0.5 0.05392156862745098 1.0
60 0.7450980392156863 0.5 0.04313725490196079 1.0
40 0.7892156862745098 0.5 0.05392156862745098 1.0
42 0.8382352941176471 0.5 0.05392156862745098 1.0
47 0.8872549019607844 0.5 0.05392156862745098 1.0
44 0.9362745098039216 0.5 0.05392156862745098 1.0
61 0.9784313725490196 0.5 0.04313725490196079 1.0
