58 0.031111111111111114 0.5 0.06222222222222223 1.0
48 0.11481481481481481 0.5 0.12222222222222223 1.0
52 0.22592592592592592 0.5 0.12222222222222223 1.0
61 0.3259259259259259 0.5 0.09777777777777778 1.0
58 0.39999999999999997 0.5 0.0651851851851852 1.0
61 0.4740740740740741 0.5 0.09777777777777778 1.0
53 0.5740740740740741 0.5 0.12222222222222223 1.0
61 0.674074074074074 0.5 0.09777777777777778 1.0
58 0.7481481481481482 0.5 0.0651851851851852 1.0
49 0.8333333333333334 0.5 0.12222222222222223 1.0
48 0.9388888888888889 0.5 0.12222222222222223 1.0
