43 0.05545774647887324 0.5 0.11091549295774648 1.0
58 0.13380281690140844 0.5 0.0619718309859155 1.0
52 0.2147887323943662 0.5 0.11619718309859156 1.0
61 0.30985915492957744 0.5 0.09295774647887324 1.0
60 0.39436619718309857 0.5 0.09295774647887324 1.0
58 0.4647887323943662 0.5 0.0619718309859155 1.0
41 0.545774647887324 0.5 0.11619718309859156 1.0
53 0.6514084507042254 0.5 0.11619718309859156 1.0
61 0.7464788732394365 0.5 0.09295774647887324 1.0
44 0.8415492957746479 0.5 0.11619718309859156 1.0
43 0.9419014084507042 0.5 0.11619718309859156 1.0
