58 0.028000000000000004 0.5 0.05600000000000001 1.0
64 0.13333333333333333 0.5 0.17600000000000002 1.0
40 0.26333333333333336 0.5 0.11000000000000001 1.0
45 0.36333333333333334 0.5 0.11000000000000001 1.0
58 0.44 0.5 0.05866666666666667 1.0
48 0.5166666666666667 0.5 0.11000000000000001 1.0
40 0.6166666666666667 0.5 0.11000000000000001 1.0
61 0.7066666666666668 0.5 0.08800000000000001 1.0
58 0.7733333333333333 0.5 0.05866666666666667 1.0
54 0.8500000000000001 0.5 0.11000000000000001 1.0
44 0.945 0.5 0.11000000000000001 1.0
