43 0.05113636363636364 0.5 0.10227272727272728 1.0
44 0.14610389610389612 0.5 0.10714285714285715 1.0
61 0.2337662337662338 0.5 0.08571428571428572 1.0
44 0.3214285714285714 0.5 0.10714285714285715 1.0
60 0.4090909090909091 0.5 0.08571428571428572 1.0
64 0.525974025974026 0.5 0.17142857142857143 1.0
58 0.6298701298701299 0.5 0.05714285714285715 1.0
48 0.7045454545454546 0.5 0.10714285714285715 1.0
58 0.7792207792207793 0.5 0.05714285714285715 1.0
48 0.8538961038961039 0.5 0.10714285714285715 1.0
45 0.9464285714285714 0.5 0.10714285714285715 1.0
