30 0.0706140350877193 0.5 0.1412280701754386 1.0
59 0.15789473684210525 0.5 0.05146198830409357 1.0
61 0.21637426900584794 0.5 0.07719298245614035 1.0
60 0.28654970760233917 0.5 0.07719298245614035 1.0
40 0.36549707602339176 0.5 0.09649122807017545 1.0
61 0.4444444444444444 0.5 0.07719298245614035 1.0
49 0.5233918128654971 0.5 0.09649122807017545 1.0
60 0.6023391812865496 0.5 0.07719298245614035 1.0
56 0.6812865497076023 0.5 0.09649122807017545 1.0
58 0.7485380116959064 0.5 0.05146198830409357 1.0
52 0.8157894736842105 0.5 0.09649122807017545 1.0
64 0.9228070175438596 0.5 0.1543859649122807 1.0
