58 0.029577464788732397 0.5 0.05915492957746479 1.0
64 0.14084507042253522 0.5 0.18591549295774648 1.0
50 0.27816901408450706 0.5 0.11619718309859156 1.0
53 0.38380281690140844 0.5 0.11619718309859156 1.0
43 0.4894366197183098 0.5 0.11619718309859156 1.0
44 0.5950704225352113 0.5 0.11619718309859156 1.0
48 0.7007042253521127 0.5 0.11619718309859156 1.0
61 0.795774647887324 0.5 0.09295774647887324 1.0
59 0.8661971830985915 0.5 0.0619718309859155 1.0
56 0.9419014084507042 0.5 0.11619718309859156 1.0
