25 0.07892156862745098 0.5 0.15784313725490196 1.0
60 0.1895424836601307 0.5 0.08627450980392158 1.0
44 0.2777777777777778 0.5 0.10784313725490197 1.0
52 0.3758169934640523 0.5 0.10784313725490197 1.0
58 0.45098039215686275 0.5 0.05751633986928105 1.0
43 0.5261437908496732 0.5 0.10784313725490197 1.0
44 0.6241830065359477 0.5 0.10784313725490197 1.0
48 0.7222222222222222 0.5 0.10784313725490197 1.0
61 0.8104575163398693 0.5 0.08627450980392158 1.0
2 0.8758169934640523 0.5 0.05751633986928105 1.0
52 0.946078431372549 0.5 0.10784313725490197 1.0
