53 0.046052631578947366 0.5 0.09210526315789473 1.0
48 0.13157894736842105 0.5 0.09649122807017545 1.0
42 0.21929824561403508 0.5 0.09649122807017545 1.0
49 0.3070175438596491 0.5 0.09649122807017545 1.0
48 0.39473684210526316 0.5 0.09649122807017545 1.0
43 0.48245614035087714 0.5 0.09649122807017545 1.0
58 0.5497076023391813 0.5 0.05146198830409357 1.0
61 0.6081871345029239 0.5 0.07719298245614035 1.0
58 0.6666666666666666 0.5 0.05146198830409357 1.0
49 0.7339181286549707 0.5 0.09649122807017545 1.0
48 0.8216374269005847 0.5 0.09649122807017545 1.0
40 0.9093567251461988 0.5 0.09649122807017545 1.0
59 0.9742690058479532 0.5 0.05146198830409357 1.0
