64 0.07325581395348837 0.5 0.14651162790697675 1.0
40 0.18313953488372092 0.5 0.09593023255813954 1.0
42 0.27034883720930236 0.5 0.09593023255813954 1.0
46 0.35755813953488375 0.5 0.09593023255813954 1.0
58 0.42441860465116277 0.5 0.051162790697674425 1.0
48 0.4912790697674419 0.5 0.09593023255813954 1.0
40 0.5784883720930233 0.5 0.09593023255813954 1.0
61 0.6569767441860465 0.5 0.07674418604651163 1.0
58 0.7151162790697675 0.5 0.051162790697674425 1.0
49 0.7819767441860465 0.5 0.09593023255813954 1.0
48 0.8691860465116279 0.5 0.09593023255813954 1.0
52 0.9520348837209303 0.5 0.09593023255813954 1.0
