63 0.043150684931506846 0.5 0.08630136986301369 1.0
49 0.13356164383561642 0.5 0.113013698630137 1.0
60 0.22602739726027396 0.5 0.09041095890410959 1.0
61 0.30821917808219174 0.5 0.09041095890410959 1.0
53 0.40068493150684925 0.5 0.113013698630137 1.0
48 0.5034246575342466 0.5 0.113013698630137 1.0
40 0.6061643835616438 0.5 0.113013698630137 1.0
61 0.6986301369863013 0.5 0.09041095890410959 1.0
44 0.7910958904109588 0.5 0.113013698630137 1.0
59 0.8698630136986301 0.5 0.06027397260273973 1.0
56 0.9434931506849316 0.5 0.113013698630137 1.0
