60 0.04598540145985402 0.5 0.09197080291970804 1.0
44 0.14233576642335766 0.5 0.12043795620437958 1.0
42 0.2518248175182482 0.5 0.12043795620437958 1.0
49 0.3613138686131387 0.5 0.12043795620437958 1.0
60 0.4598540145985402 0.5 0.09635036496350366 1.0
43 0.5583941605839416 0.5 0.12043795620437958 1.0
58 0.6423357664233577 0.5 0.06423357664233577 1.0
48 0.7262773722627738 0.5 0.12043795620437958 1.0
45 0.8357664233576643 0.5 0.12043795620437958 1.0
52 0.9397810218978102 0.5 0.12043795620437958 1.0
