52 0.05180921052631579 0.5 0.10361842105263158 1.0
50 0.14802631578947367 0.5 0.10855263157894737 1.0
44 0.2467105263157895 0.5 0.10855263157894737 1.0
42 0.34539473684210525 0.5 0.10855263157894737 1.0
58 0.42105263157894735 0.5 0.05789473684210526 1.0
40 0.4967105263157895 0.5 0.10855263157894737 1.0
59 0.5723684210526315 0.5 0.05789473684210526 1.0
58 0.625 0.5 0.05789473684210526 1.0
52 0.700657894736842 0.5 0.10855263157894737 1.0
58 0.7763157894736842 0.5 0.05789473684210526 1.0
48 0.8519736842105262 0.5 0.10855263157894737 1.0
45 0.9457236842105263 0.5 0.10855263157894737 1.0
