44 0.05431034482758621 0.5 0.10862068965517242 1.0
59 0.13103448275862067 0.5 0.0606896551724138 1.0
44 0.21034482758620687 0.5 0.11379310344827587 1.0
42 0.3137931034482758 0.5 0.11379310344827587 1.0
61 0.40689655172413797 0.5 0.0910344827586207 1.0
60 0.4896551724137931 0.5 0.0910344827586207 1.0
49 0.5827586206896551 0.5 0.11379310344827587 1.0
48 0.6862068965517241 0.5 0.11379310344827587 1.0
58 0.7655172413793103 0.5 0.0606896551724138 1.0
42 0.8448275862068966 0.5 0.11379310344827587 1.0
52 0.943103448275862 0.5 0.11379310344827587 1.0
