64 0.06702127659574468 0.5 0.13404255319148936 1.0
40 0.1675531914893617 0.5 0.08776595744680853 1.0
48 0.24734042553191488 0.5 0.08776595744680853 1.0
53 0.3271276595744681 0.5 0.08776595744680853 1.0
63 0.39893617021276595 0.5 0.07021276595744681 1.0
40 0.4707446808510638 0.5 0.08776595744680853 1.0
42 0.550531914893617 0.5 0.08776595744680853 1.0
61 0.6223404255319149 0.5 0.07021276595744681 1.0
53 0.6941489361702128 0.5 0.08776595744680853 1.0
60 0.7659574468085106 0.5 0.07021276595744681 1.0
58 0.8191489361702128 0.5 0.04680851063829788 1.0
48 0.8803191489361702 0.5 0.08776595744680853 1.0
45 0.9561170212765957 0.5 0.08776595744680853 1.0
