60 0.04090909090909091 0.5 0.08181818181818182 1.0
44 0.12662337662337664 0.5 0.10714285714285715 1.0
45 0.22402597402597402 0.5 0.10714285714285715 1.0
58 0.2987012987012987 0.5 0.05714285714285715 1.0
52 0.37337662337662336 0.5 0.10714285714285715 1.0
61 0.4610389610389611 0.5 0.08571428571428572 1.0
60 0.538961038961039 0.5 0.08571428571428572 1.0
40 0.6266233766233766 0.5 0.10714285714285715 1.0
61 0.7142857142857143 0.5 0.08571428571428572 1.0
58 0.7792207792207793 0.5 0.05714285714285715 1.0
49 0.8538961038961039 0.5 0.10714285714285715 1.0
48 0.9464285714285714 0.5 0.10714285714285715 1.0
