42 0.05048076923076924 0.5 0.10096153846153848 1.0
49 0.14423076923076925 0.5 0.10576923076923078 1.0
48 0.2403846153846154 0.5 0.10576923076923078 1.0
42 0.33653846153846156 0.5 0.10576923076923078 1.0
44 0.4326923076923077 0.5 0.10576923076923078 1.0
48 0.5288461538461539 0.5 0.10576923076923078 1.0
61 0.6153846153846154 0.5 0.08461538461538462 1.0
60 0.6923076923076923 0.5 0.08461538461538462 1.0
40 0.778846153846154 0.5 0.10576923076923078 1.0
61 0.8653846153846154 0.5 0.08461538461538462 1.0
44 0.9471153846153846 0.5 0.10576923076923078 1.0
