53 0.049528301886792456 0.5 0.09905660377358491 1.0
48 0.14150943396226418 0.5 0.1037735849056604 1.0
40 0.2358490566037736 0.5 0.1037735849056604 1.0
52 0.33018867924528306 0.5 0.1037735849056604 1.0
52 0.42452830188679247 0.5 0.1037735849056604 1.0
40 0.5188679245283019 0.5 0.1037735849056604 1.0
58 0.5911949685534592 0.5 0.05534591194968554 1.0
59 0.6415094339622642 0.5 0.05534591194968554 1.0
40 0.7138364779874214 0.5 0.1037735849056604 1.0
41 0.8081761006289309 0.5 0.1037735849056604 1.0
59 0.8805031446540881 0.5 0.05534591194968554 1.0
44 0.9481132075471698 0.5 0.1037735849056604 1.0
