64 0.09197080291970804 0.5 0.18394160583941607 1.0
58 0.20437956204379562 0.5 0.06423357664233577 1.0
59 0.26277372262773724 0.5 0.06423357664233577 1.0
59 0.32116788321167883 0.5 0.06423357664233577 1.0
58 0.3795620437956205 0.5 0.06423357664233577 1.0
45 0.4635036496350365 0.5 0.12043795620437958 1.0
60 0.562043795620438 0.5 0.09635036496350366 1.0
40 0.6605839416058394 0.5 0.12043795620437958 1.0
64 0.8029197080291971 0.5 0.19270072992700732 1.0
52 0.9397810218978102 0.5 0.12043795620437958 1.0
