58 0.029577464788732397 0.5 0.05915492957746479 1.0
48 0.10915492957746478 0.5 0.11619718309859156 1.0
42 0.2147887323943662 0.5 0.11619718309859156 1.0
49 0.32042253521126757 0.5 0.11619718309859156 1.0
64 0.45774647887323944 0.5 0.18591549295774648 1.0
50 0.5950704225352113 0.5 0.11619718309859156 1.0
59 0.676056338028169 0.5 0.0619718309859155 1.0
44 0.7570422535211268 0.5 0.11619718309859156 1.0
61 0.852112676056338 0.5 0.09295774647887324 1.0
44 0.9419014084507042 0.5 0.11619718309859156 1.0
