51 0.060576923076923084 0.5 0.12115384615384617 1.0
53 0.17307692307692307 0.5 0.12692307692307694 1.0
40 0.2884615384615385 0.5 0.12692307692307694 1.0
48 0.40384615384615385 0.5 0.12692307692307694 1.0
61 0.5076923076923077 0.5 0.10153846153846155 1.0
58 0.5846153846153846 0.5 0.0676923076923077 1.0
61 0.6615384615384616 0.5 0.10153846153846155 1.0
58 0.7384615384615385 0.5 0.0676923076923077 1.0
44 0.826923076923077 0.5 0.12692307692307694 1.0
52 0.9365384615384615 0.5 0.12692307692307694 1.0
