42 0.04578488372093024 0.5 0.09156976744186048 1.0
49 0.1308139534883721 0.5 0.09593023255813954 1.0
48 0.2180232558139535 0.5 0.09593023255813954 1.0
61 0.29651162790697677 0.5 0.07674418604651163 1.0
60 0.3662790697674419 0.5 0.07674418604651163 1.0
58 0.42441860465116277 0.5 0.051162790697674425 1.0
41 0.4912790697674419 0.5 0.09593023255813954 1.0
53 0.5784883720930233 0.5 0.09593023255813954 1.0
61 0.6569767441860465 0.5 0.07674418604651163 1.0
58 0.7151162790697675 0.5 0.051162790697674425 1.0
49 0.7819767441860465 0.5 0.09593023255813954 1.0
48 0.8691860465116279 0.5 0.09593023255813954 1.0
52 0.9520348837209303 0.5 0.09593023255813954 1.0
