61 0.032642487046632127 0.5 0.06528497409326425 1.0
46 0.10103626943005181 0.5 0.08549222797927461 1.0
44 0.17875647668393782 0.5 0.08549222797927461 1.0
60 0.24870466321243523 0.5 0.0683937823834197 1.0
64 0.34196891191709844 0.5 0.1367875647668394 1.0
49 0.4430051813471503 0.5 0.08549222797927461 1.0
44 0.5207253886010362 0.5 0.08549222797927461 1.0
59 0.5803108808290155 0.5 0.0455958549222798 1.0
44 0.6398963730569949 0.5 0.08549222797927461 1.0
42 0.7176165803108808 0.5 0.08549222797927461 1.0
61 0.7875647668393783 0.5 0.0683937823834197 1.0
60 0.8497409326424871 0.5 0.0683937823834197 1.0
58 0.9015544041450777 0.5 0.0455958549222798 1.0
42 0.9572538860103627 0.5 0.08549222797927461 1.0
