52 0.04632352941176471 0.5 0.09264705882352942 1.0
61 0.12352941176470589 0.5 0.07764705882352942 1.0
44 0.20294117647058824 0.5 0.09705882352941178 1.0
40 0.2911764705882353 0.5 0.09705882352941178 1.0
43 0.3794117647058824 0.5 0.09705882352941178 1.0
56 0.46764705882352947 0.5 0.09705882352941178 1.0
37 0.5558823529411765 0.5 0.09705882352941178 1.0
45 0.6441176470588236 0.5 0.09705882352941178 1.0
49 0.7323529411764705 0.5 0.09705882352941178 1.0
58 0.8 0.5 0.05176470588235294 1.0
48 0.8676470588235294 0.5 0.09705882352941178 1.0
45 0.9514705882352941 0.5 0.09705882352941178 1.0
