40 0.05147058823529412 0.5 0.10294117647058824 1.0
45 0.14705882352941177 0.5 0.10784313725490197 1.0
60 0.23529411764705882 0.5 0.08627450980392158 1.0
44 0.3235294117647059 0.5 0.10784313725490197 1.0
44 0.4215686274509804 0.5 0.10784313725490197 1.0
64 0.5490196078431373 0.5 0.17254901960784316 1.0
44 0.6764705882352942 0.5 0.10784313725490197 1.0
48 0.7745098039215687 0.5 0.10784313725490197 1.0
61 0.8627450980392156 0.5 0.08627450980392158 1.0
52 0.946078431372549 0.5 0.10784313725490197 1.0
