63 0.05431034482758621 0.5 0.10862068965517242 1.0
40 0.16810344827586207 0.5 0.14224137931034486 1.0
42 0.2974137931034483 0.5 0.14224137931034486 1.0
58 0.39655172413793105 0.5 0.07586206896551724 1.0
59 0.4655172413793104 0.5 0.07586206896551724 1.0
58 0.5344827586206896 0.5 0.07586206896551724 1.0
61 0.6206896551724138 0.5 0.11379310344827587 1.0
58 0.7068965517241379 0.5 0.07586206896551724 1.0
44 0.8060344827586208 0.5 0.14224137931034486 1.0
52 0.9288793103448276 0.5 0.14224137931034486 1.0
