64 0.07682926829268293 0.5 0.15365853658536585 1.0
40 0.19207317073170732 0.5 0.10060975609756098 1.0
58 0.2621951219512195 0.5 0.05365853658536586 1.0
48 0.33231707317073167 0.5 0.10060975609756098 1.0
61 0.4146341463414634 0.5 0.08048780487804878 1.0
44 0.49695121951219506 0.5 0.10060975609756098 1.0
48 0.5884146341463415 0.5 0.10060975609756098 1.0
40 0.6798780487804879 0.5 0.10060975609756098 1.0
48 0.7713414634146342 0.5 0.10060975609756098 1.0
42 0.8628048780487805 0.5 0.10060975609756098 1.0
44 0.9496951219512195 0.5 0.10060975609756098 1.0
