60 0.03461538461538462 0.5 0.06923076923076923 1.0
44 0.10714285714285715 0.5 0.09065934065934067 1.0
50 0.18956043956043955 0.5 0.09065934065934067 1.0
44 0.271978021978022 0.5 0.09065934065934067 1.0
60 0.34615384615384615 0.5 0.07252747252747253 1.0
42 0.42032967032967034 0.5 0.09065934065934067 1.0
53 0.5027472527472527 0.5 0.09065934065934067 1.0
52 0.5851648351648351 0.5 0.09065934065934067 1.0
52 0.6675824175824175 0.5 0.09065934065934067 1.0
58 0.7307692307692308 0.5 0.04835164835164836 1.0
49 0.7939560439560439 0.5 0.09065934065934067 1.0
48 0.8763736263736264 0.5 0.09065934065934067 1.0
52 0.9546703296703296 0.5 0.09065934065934067 1.0
