42 0.04984177215189874 0.5 0.09968354430379749 1.0
49 0.14240506329113925 0.5 0.10443037974683546 1.0
64 0.2658227848101266 0.5 0.16708860759493674 1.0
50 0.389240506329114 0.5 0.10443037974683546 1.0
40 0.48417721518987344 0.5 0.10443037974683546 1.0
61 0.569620253164557 0.5 0.08354430379746837 1.0
60 0.6455696202531646 0.5 0.08354430379746837 1.0
58 0.708860759493671 0.5 0.055696202531645575 1.0
49 0.7816455696202532 0.5 0.10443037974683546 1.0
61 0.8670886075949368 0.5 0.08354430379746837 1.0
52 0.9477848101265822 0.5 0.10443037974683546 1.0
