58 0.028187919463087248 0.5 0.056375838926174496 1.0
48 0.10402684563758388 0.5 0.11073825503355705 1.0
42 0.2046979865771812 0.5 0.11073825503355705 1.0
58 0.28187919463087246 0.5 0.059060402684563765 1.0
43 0.35906040268456374 0.5 0.11073825503355705 1.0
44 0.459731543624161 0.5 0.11073825503355705 1.0
48 0.5604026845637583 0.5 0.11073825503355705 1.0
61 0.651006711409396 0.5 0.08859060402684564 1.0
40 0.7416107382550335 0.5 0.11073825503355705 1.0
59 0.8187919463087248 0.5 0.059060402684563765 1.0
59 0.87248322147651 0.5 0.059060402684563765 1.0
56 0.9446308724832215 0.5 0.11073825503355705 1.0
