44 0.058333333333333334 0.5 0.11666666666666667 1.0
59 0.14074074074074072 0.5 0.0651851851851852 1.0
44 0.22592592592592592 0.5 0.12222222222222223 1.0
42 0.337037037037037 0.5 0.12222222222222223 1.0
61 0.43703703703703706 0.5 0.09777777777777778 1.0
60 0.5259259259259259 0.5 0.09777777777777778 1.0
58 0.6000000000000001 0.5 0.0651851851851852 1.0
42 0.6851851851851852 0.5 0.12222222222222223 1.0
58 0.7703703703703704 0.5 0.0651851851851852 1.0
61 0.8444444444444444 0.5 0.09777777777777778 1.0
56 0.9388888888888889 0.5 0.12222222222222223 1.0
