44 0.05506993006993007 0.5 0.11013986013986014 1.0
59 0.13286713286713286 0.5 0.06153846153846154 1.0
58 0.1888111888111888 0.5 0.06153846153846154 1.0
64 0.3006993006993007 0.5 0.18461538461538463 1.0
58 0.4125874125874126 0.5 0.06153846153846154 1.0
48 0.493006993006993 0.5 0.11538461538461539 1.0
40 0.5979020979020979 0.5 0.11538461538461539 1.0
61 0.6923076923076923 0.5 0.09230769230769231 1.0
58 0.7622377622377623 0.5 0.06153846153846154 1.0
49 0.8426573426573427 0.5 0.11538461538461539 1.0
48 0.9423076923076923 0.5 0.11538461538461539 1.0
