59 0.02857142857142857 0.5 0.05714285714285714 1.0
58 0.08163265306122448 0.5 0.0598639455782313 1.0
45 0.1598639455782313 0.5 0.11224489795918369 1.0
46 0.2619047619047619 0.5 0.11224489795918369 1.0
61 0.35374149659863946 0.5 0.08979591836734693 1.0
65 0.47619047619047616 0.5 0.17959183673469387 1.0
44 0.6088435374149659 0.5 0.11224489795918369 1.0
58 0.6870748299319728 0.5 0.0598639455782313 1.0
45 0.7653061224489797 0.5 0.11224489795918369 1.0
46 0.8673469387755102 0.5 0.11224489795918369 1.0
61 0.9551020408163265 0.5 0.08979591836734693 1.0
