43 0.04831288343558282 0.5 0.09662576687116564 1.0
58 0.1165644171779141 0.5 0.0539877300613497 1.0
50 0.1871165644171779 0.5 0.10122699386503067 1.0
37 0.2791411042944785 0.5 0.10122699386503067 1.0
52 0.37116564417177916 0.5 0.10122699386503067 1.0
49 0.46319018404907975 0.5 0.10122699386503067 1.0
59 0.5337423312883435 0.5 0.0539877300613497 1.0
43 0.6042944785276073 0.5 0.10122699386503067 1.0
44 0.696319018404908 0.5 0.10122699386503067 1.0
60 0.7791411042944785 0.5 0.08098159509202456 1.0
44 0.861963190184049 0.5 0.10122699386503067 1.0
43 0.9493865030674846 0.5 0.10122699386503067 1.0
