50 0.027249134948096887 0.5 0.054498269896193774 1.0
59 0.0657439446366782 0.5 0.030449826989619382 1.0
40 0.10553633217993079 0.5 0.05709342560553633 1.0
61 0.1522491349480969 0.5 0.045674740484429065 1.0
44 0.19896193771626297 0.5 0.05709342560553633 1.0
37 0.2508650519031142 0.5 0.05709342560553633 1.0
40 0.3027681660899654 0.5 0.05709342560553633 1.0
48 0.3546712802768166 0.5 0.05709342560553633 1.0
43 0.40657439446366783 0.5 0.05709342560553633 1.0
37 0.458477508650519 0.5 0.05709342560553633 1.0
42 0.5103806228373702 0.5 0.05709342560553633 1.0
49 0.5622837370242214 0.5 0.05709342560553633 1.0
60 0.6089965397923875 0.5 0.045674740484429065 1.0
60 0.6505190311418685 0.5 0.045674740484429065 1.0
53 0.6972318339100345 0.5 0.05709342560553633 1.0
45 0.7491349480968857 0.5 0.05709342560553633 1.0
40 0.801038062283737 0.5 0.05709342560553633 1.0
61 0.8477508650519031 0.5 0.045674740484429065 1.0
58 0.8823529411764706 0.5 0.030449826989619382 1.0
49 0.9221453287197231 0.5 0.05709342560553633 1.0
48 0.9714532871972318 0.5 0.05709342560553633 1.0
