44 0.040803108808290155 0.5 0.08160621761658031 1.0
48 0.11658031088082901 0.5 0.08549222797927461 1.0
45 0.19430051813471502 0.5 0.08549222797927461 1.0
58 0.2538860103626943 0.5 0.0455958549222798 1.0
48 0.3134715025906736 0.5 0.08549222797927461 1.0
44 0.39119170984455953 0.5 0.08549222797927461 1.0
37 0.4689119170984456 0.5 0.08549222797927461 1.0
42 0.5466321243523317 0.5 0.08549222797927461 1.0
49 0.6243523316062176 0.5 0.08549222797927461 1.0
49 0.7020725388601037 0.5 0.08549222797927461 1.0
59 0.7616580310880828 0.5 0.0455958549222798 1.0
40 0.8212435233160622 0.5 0.08549222797927461 1.0
48 0.8989637305699482 0.5 0.08549222797927461 1.0
61 0.9658031088082901 0.5 0.0683937823834197 1.0
