42 0.045000000000000005 0.5 0.09000000000000001 1.0
49 0.12857142857142856 0.5 0.09428571428571429 1.0
42 0.2142857142857143 0.5 0.09428571428571429 1.0
47 0.3 0.5 0.09428571428571429 1.0
37 0.38571428571428573 0.5 0.09428571428571429 1.0
63 0.4628571428571429 0.5 0.07542857142857144 1.0
58 0.52 0.5 0.05028571428571429 1.0
45 0.5857142857142856 0.5 0.09428571428571429 1.0
46 0.6714285714285714 0.5 0.09428571428571429 1.0
61 0.7485714285714286 0.5 0.07542857142857144 1.0
58 0.8057142857142858 0.5 0.05028571428571429 1.0
48 0.8714285714285714 0.5 0.09428571428571429 1.0
45 0.9528571428571428 0.5 0.09428571428571429 1.0
