50 0.04891304347826087 0.5 0.09782608695652174 1.0
60 0.13043478260869565 0.5 0.08198757763975156 1.0
44 0.21428571428571427 0.5 0.10248447204968944 1.0
52 0.3074534161490683 0.5 0.10248447204968944 1.0
53 0.40062111801242234 0.5 0.10248447204968944 1.0
64 0.5217391304347826 0.5 0.16397515527950313 1.0
50 0.6428571428571429 0.5 0.10248447204968944 1.0
61 0.7267080745341614 0.5 0.08198757763975156 1.0
58 0.7888198757763976 0.5 0.0546583850931677 1.0
49 0.860248447204969 0.5 0.10248447204968944 1.0
48 0.9487577639751553 0.5 0.10248447204968944 1.0
