42 0.04256756756756757 0.5 0.08513513513513514 1.0
49 0.12162162162162163 0.5 0.08918918918918921 1.0
48 0.20270270270270271 0.5 0.08918918918918921 1.0
54 0.28378378378378377 0.5 0.08918918918918921 1.0
40 0.3648648648648649 0.5 0.08918918918918921 1.0
59 0.42702702702702705 0.5 0.047567567567567574 1.0
44 0.4891891891891892 0.5 0.08918918918918921 1.0
52 0.5702702702702703 0.5 0.08918918918918921 1.0
42 0.6513513513513514 0.5 0.08918918918918921 1.0
44 0.7324324324324325 0.5 0.08918918918918921 1.0
48 0.8135135135135136 0.5 0.08918918918918921 1.0
61 0.8864864864864865 0.5 0.07135135135135136 1.0
52 0.9554054054054054 0.5 0.08918918918918921 1.0
