61 0.04598540145985402 0.5 0.09197080291970804 1.0
46 0.14233576642335766 0.5 0.12043795620437958 1.0
49 0.2518248175182482 0.5 0.12043795620437958 1.0
60 0.35036496350364965 0.5 0.09635036496350366 1.0
49 0.4489051094890511 0.5 0.12043795620437958 1.0
53 0.5583941605839416 0.5 0.12043795620437958 1.0
45 0.6678832116788321 0.5 0.12043795620437958 1.0
46 0.7773722627737226 0.5 0.12043795620437958 1.0
59 0.8613138686131387 0.5 0.06423357664233577 1.0
56 0.9397810218978102 0.5 0.12043795620437958 1.0
