52 0.040803108808290155 0.5 0.08160621761658031 1.0
44 0.11658031088082901 0.5 0.08549222797927461 1.0
59 0.17616580310880828 0.5 0.0455958549222798 1.0
63 0.22797927461139897 0.5 0.0683937823834197 1.0
37 0.2979274611398963 0.5 0.08549222797927461 1.0
42 0.3756476683937824 0.5 0.08549222797927461 1.0
49 0.45336787564766834 0.5 0.08549222797927461 1.0
48 0.5310880829015544 0.5 0.08549222797927461 1.0
52 0.6088082901554405 0.5 0.08549222797927461 1.0
42 0.6865284974093264 0.5 0.08549222797927461 1.0
58 0.7461139896373057 0.5 0.0455958549222798 1.0
49 0.805699481865285 0.5 0.08549222797927461 1.0
53 0.883419689119171 0.5 0.08549222797927461 1.0
52 0.9572538860103627 0.5 0.08549222797927461 1.0
