49 0.04350828729281768 0.5 0.08701657458563536 1.0
54 0.12430939226519336 0.5 0.09116022099447514 1.0
44 0.20718232044198895 0.5 0.09116022099447514 1.0
60 0.2817679558011049 0.5 0.07292817679558011 1.0
65 0.38121546961325964 0.5 0.14585635359116023 1.0
46 0.4889502762430939 0.5 0.09116022099447514 1.0
44 0.5718232044198894 0.5 0.09116022099447514 1.0
59 0.6353591160220995 0.5 0.04861878453038674 1.0
64 0.7237569060773481 0.5 0.14585635359116023 1.0
58 0.8121546961325967 0.5 0.04861878453038674 1.0
48 0.8756906077348066 0.5 0.09116022099447514 1.0
45 0.9544198895027625 0.5 0.09116022099447514 1.0
