41 0.04375 0.5 0.0875 1.0
60 0.11666666666666667 0.5 0.07333333333333333 1.0
40 0.19166666666666665 0.5 0.09166666666666667 1.0
58 0.25555555555555554 0.5 0.04888888888888889 1.0
48 0.3194444444444445 0.5 0.09166666666666667 1.0
37 0.4027777777777778 0.5 0.09166666666666667 1.0
40 0.4861111111111111 0.5 0.09166666666666667 1.0
42 0.5694444444444444 0.5 0.09166666666666667 1.0
61 0.6444444444444444 0.5 0.07333333333333333 1.0
58 0.7 0.5 0.04888888888888889 1.0
54 0.7638888888888888 0.5 0.09166666666666667 1.0
58 0.8277777777777778 0.5 0.04888888888888889 1.0
61 0.8833333333333333 0.5 0.07333333333333333 1.0
56 0.9541666666666666 0.5 0.09166666666666667 1.0
