52 0.060576923076923084 0.5 0.12115384615384617 1.0
58 0.14615384615384616 0.5 0.0676923076923077 1.0
59 0.2076923076923077 0.5 0.0676923076923077 1.0
46 0.29615384615384616 0.5 0.12692307692307694 1.0
49 0.4115384615384616 0.5 0.12692307692307694 1.0
53 0.5269230769230769 0.5 0.12692307692307694 1.0
44 0.6423076923076924 0.5 0.12692307692307694 1.0
61 0.7461538461538462 0.5 0.10153846153846155 1.0
61 0.8384615384615386 0.5 0.10153846153846155 1.0
44 0.9365384615384615 0.5 0.12692307692307694 1.0
