43 0.057481751824817524 0.5 0.11496350364963505 1.0
44 0.1642335766423358 0.5 0.12043795620437958 1.0
42 0.2737226277372263 0.5 0.12043795620437958 1.0
49 0.3832116788321168 0.5 0.12043795620437958 1.0
60 0.48175182481751827 0.5 0.09635036496350366 1.0
40 0.5802919708029197 0.5 0.12043795620437958 1.0
61 0.6788321167883211 0.5 0.09635036496350366 1.0
58 0.7518248175182481 0.5 0.06423357664233577 1.0
48 0.8357664233576643 0.5 0.12043795620437958 1.0
45 0.9397810218978102 0.5 0.12043795620437958 1.0
