46 0.058768656716417914 0.5 0.11753731343283583 1.0
44 0.16791044776119404 0.5 0.12313432835820896 1.0
60 0.26865671641791045 0.5 0.09850746268656717 1.0
44 0.3694029850746269 0.5 0.12313432835820896 1.0
43 0.48134328358208955 0.5 0.12313432835820896 1.0
58 0.5671641791044776 0.5 0.06567164179104477 1.0
61 0.6417910447761195 0.5 0.09850746268656717 1.0
40 0.7425373134328358 0.5 0.12313432835820896 1.0
60 0.8432835820895522 0.5 0.09850746268656717 1.0
56 0.9384328358208955 0.5 0.12313432835820896 1.0
