52 0.060576923076923084 0.5 0.12115384615384617 1.0
61 0.16153846153846155 0.5 0.10153846153846155 1.0
60 0.25384615384615383 0.5 0.10153846153846155 1.0
53 0.35769230769230775 0.5 0.12692307692307694 1.0
45 0.4730769230769231 0.5 0.12692307692307694 1.0
45 0.5884615384615385 0.5 0.12692307692307694 1.0
59 0.676923076923077 0.5 0.0676923076923077 1.0
58 0.7384615384615385 0.5 0.0676923076923077 1.0
48 0.826923076923077 0.5 0.12692307692307694 1.0
45 0.9365384615384615 0.5 0.12692307692307694 1.0
