15 0.06671270718232045 0.5 0.1334254143646409 1.0
49 0.1685082872928177 0.5 0.09116022099447514 1.0
64 0.27624309392265195 0.5 0.14585635359116023 1.0
64 0.4088397790055249 0.5 0.14585635359116023 1.0
40 0.5165745856353591 0.5 0.09116022099447514 1.0
48 0.5994475138121547 0.5 0.09116022099447514 1.0
43 0.6823204419889503 0.5 0.09116022099447514 1.0
44 0.7651933701657458 0.5 0.09116022099447514 1.0
60 0.8397790055248618 0.5 0.07292817679558011 1.0
2 0.8950276243093922 0.5 0.04861878453038674 1.0
52 0.9544198895027625 0.5 0.09116022099447514 1.0
