40 0.042798913043478264 0.5 0.08559782608695653 1.0
50 0.12228260869565218 0.5 0.08967391304347827 1.0
50 0.20380434782608697 0.5 0.08967391304347827 1.0
60 0.27717391304347827 0.5 0.07173913043478261 1.0
49 0.35054347826086957 0.5 0.08967391304347827 1.0
55 0.4320652173913044 0.5 0.08967391304347827 1.0
58 0.4945652173913043 0.5 0.04782608695652174 1.0
64 0.5815217391304347 0.5 0.14347826086956522 1.0
40 0.6875 0.5 0.08967391304347827 1.0
61 0.7608695652173914 0.5 0.07173913043478261 1.0
44 0.8342391304347826 0.5 0.08967391304347827 1.0
59 0.8967391304347826 0.5 0.04782608695652174 1.0
56 0.9551630434782609 0.5 0.08967391304347827 1.0
