52 0.04059278350515464 0.5 0.08118556701030928 1.0
44 0.11597938144329897 0.5 0.08505154639175258 1.0
64 0.21649484536082475 0.5 0.13608247422680414 1.0
58 0.29896907216494845 0.5 0.04536082474226805 1.0
37 0.35824742268041243 0.5 0.08505154639175258 1.0
43 0.43556701030927836 0.5 0.08505154639175258 1.0
44 0.5128865979381444 0.5 0.08505154639175258 1.0
61 0.5824742268041238 0.5 0.06804123711340207 1.0
40 0.6520618556701031 0.5 0.08505154639175258 1.0
42 0.729381443298969 0.5 0.08505154639175258 1.0
46 0.8067010309278351 0.5 0.08505154639175258 1.0
44 0.884020618556701 0.5 0.08505154639175258 1.0
43 0.9574742268041238 0.5 0.08505154639175258 1.0
