48 0.04891304347826087 0.5 0.09782608695652174 1.0
49 0.13975155279503104 0.5 0.10248447204968944 1.0
53 0.2329192546583851 0.5 0.10248447204968944 1.0
60 0.3167701863354037 0.5 0.08198757763975156 1.0
58 0.37888198757763975 0.5 0.0546583850931677 1.0
52 0.45031055900621114 0.5 0.10248447204968944 1.0
46 0.5434782608695652 0.5 0.10248447204968944 1.0
64 0.6645962732919255 0.5 0.16397515527950313 1.0
44 0.7857142857142857 0.5 0.10248447204968944 1.0
48 0.8788819875776398 0.5 0.10248447204968944 1.0
61 0.9590062111801242 0.5 0.08198757763975156 1.0
