60 0.03579545454545455 0.5 0.0715909090909091 1.0
44 0.11079545454545453 0.5 0.09375 1.0
52 0.19602272727272724 0.5 0.09375 1.0
50 0.28125 0.5 0.09375 1.0
49 0.3664772727272727 0.5 0.09375 1.0
48 0.4517045454545454 0.5 0.09375 1.0
52 0.5369318181818181 0.5 0.09375 1.0
58 0.6022727272727272 0.5 0.05 1.0
41 0.6676136363636364 0.5 0.09375 1.0
58 0.7329545454545454 0.5 0.05 1.0
59 0.7784090909090908 0.5 0.05 1.0
58 0.8238636363636362 0.5 0.05 1.0
61 0.8806818181818181 0.5 0.075 1.0
56 0.953125 0.5 0.09375 1.0
