58 0.0267515923566879 0.5 0.0535031847133758 1.0
48 0.09872611464968153 0.5 0.1050955414012739 1.0
52 0.1942675159235669 0.5 0.1050955414012739 1.0
61 0.2802547770700637 0.5 0.08407643312101912 1.0
60 0.356687898089172 0.5 0.08407643312101912 1.0
53 0.4426751592356688 0.5 0.1050955414012739 1.0
42 0.5382165605095541 0.5 0.1050955414012739 1.0
61 0.6242038216560509 0.5 0.08407643312101912 1.0
58 0.6878980891719746 0.5 0.05605095541401275 1.0
49 0.7611464968152867 0.5 0.1050955414012739 1.0
48 0.856687898089172 0.5 0.1050955414012739 1.0
52 0.947452229299363 0.5 0.1050955414012739 1.0
