42 0.038985148514851485 0.5 0.07797029702970297 1.0
46 0.11138613861386137 0.5 0.08168316831683169 1.0
59 0.1683168316831683 0.5 0.04356435643564357 1.0
49 0.22524752475247525 0.5 0.08168316831683169 1.0
60 0.2920792079207921 0.5 0.06534653465346535 1.0
49 0.3589108910891089 0.5 0.08168316831683169 1.0
37 0.4331683168316831 0.5 0.08168316831683169 1.0
42 0.5074257425742574 0.5 0.08168316831683169 1.0
49 0.5816831683168316 0.5 0.08168316831683169 1.0
64 0.6782178217821782 0.5 0.1306930693069307 1.0
50 0.7747524752475248 0.5 0.08168316831683169 1.0
59 0.8316831683168316 0.5 0.04356435643564357 1.0
44 0.8886138613861386 0.5 0.08168316831683169 1.0
55 0.9591584158415841 0.5 0.08168316831683169 1.0
