42 0.04233870967741936 0.5 0.08467741935483872 1.0
49 0.12096774193548387 0.5 0.08870967741935484 1.0
60 0.1935483870967742 0.5 0.07096774193548387 1.0
60 0.25806451612903225 0.5 0.07096774193548387 1.0
44 0.33064516129032256 0.5 0.08870967741935484 1.0
52 0.4112903225806452 0.5 0.08870967741935484 1.0
50 0.49193548387096775 0.5 0.08870967741935484 1.0
49 0.5725806451612903 0.5 0.08870967741935484 1.0
48 0.6532258064516129 0.5 0.08870967741935484 1.0
43 0.7338709677419354 0.5 0.08870967741935484 1.0
44 0.814516129032258 0.5 0.08870967741935484 1.0
48 0.8951612903225806 0.5 0.08870967741935484 1.0
61 0.964516129032258 0.5 0.07096774193548387 1.0
