50 0.04743975903614458 0.5 0.09487951807228916 1.0
44 0.1355421686746988 0.5 0.09939759036144578 1.0
40 0.22590361445783133 0.5 0.09939759036144578 1.0
42 0.31626506024096385 0.5 0.09939759036144578 1.0
44 0.4066265060240964 0.5 0.09939759036144578 1.0
37 0.49698795180722893 0.5 0.09939759036144578 1.0
59 0.5662650602409638 0.5 0.05301204819277109 1.0
49 0.6355421686746988 0.5 0.09939759036144578 1.0
54 0.7259036144578314 0.5 0.09939759036144578 1.0
58 0.7951807228915663 0.5 0.05301204819277109 1.0
48 0.8644578313253012 0.5 0.09939759036144578 1.0
45 0.9503012048192772 0.5 0.09939759036144578 1.0
