49 0.05585106382978724 0.5 0.11170212765957448 1.0
53 0.1595744680851064 0.5 0.1170212765957447 1.0
61 0.2553191489361702 0.5 0.09361702127659575 1.0
41 0.35106382978723405 0.5 0.1170212765957447 1.0
53 0.45744680851063835 0.5 0.1170212765957447 1.0
58 0.5390070921985816 0.5 0.0624113475177305 1.0
59 0.5957446808510639 0.5 0.0624113475177305 1.0
43 0.6773049645390071 0.5 0.1170212765957447 1.0
58 0.7588652482269505 0.5 0.0624113475177305 1.0
48 0.8404255319148937 0.5 0.1170212765957447 1.0
45 0.9414893617021276 0.5 0.1170212765957447 1.0
