58 0.029577464788732397 0.5 0.05915492957746479 1.0
64 0.14084507042253522 0.5 0.18591549295774648 1.0
50 0.27816901408450706 0.5 0.11619718309859156 1.0
60 0.3732394366197183 0.5 0.09295774647887324 1.0
49 0.46830985915492956 0.5 0.11619718309859156 1.0
41 0.573943661971831 0.5 0.11619718309859156 1.0
40 0.6795774647887324 0.5 0.11619718309859156 1.0
41 0.7852112676056339 0.5 0.11619718309859156 1.0
59 0.8661971830985915 0.5 0.0619718309859155 1.0
44 0.9419014084507042 0.5 0.11619718309859156 1.0
