53 0.04891304347826087 0.5 0.09782608695652174 1.0
48 0.13975155279503104 0.5 0.10248447204968944 1.0
40 0.2329192546583851 0.5 0.10248447204968944 1.0
61 0.3167701863354037 0.5 0.08198757763975156 1.0
61 0.391304347826087 0.5 0.08198757763975156 1.0
60 0.4658385093167702 0.5 0.08198757763975156 1.0
40 0.5496894409937888 0.5 0.10248447204968944 1.0
42 0.6428571428571429 0.5 0.10248447204968944 1.0
61 0.7267080745341614 0.5 0.08198757763975156 1.0
58 0.7888198757763976 0.5 0.0546583850931677 1.0
54 0.860248447204969 0.5 0.10248447204968944 1.0
44 0.9487577639751553 0.5 0.10248447204968944 1.0
