63 0.028125 0.5 0.05625 1.0
59 0.07142857142857142 0.5 0.039285714285714285 1.0
49 0.12276785714285712 0.5 0.07366071428571429 1.0
65 0.20982142857142858 0.5 0.11785714285714285 1.0
44 0.296875 0.5 0.07366071428571429 1.0
60 0.35714285714285715 0.5 0.05892857142857143 1.0
37 0.41741071428571425 0.5 0.07366071428571429 1.0
65 0.5044642857142857 0.5 0.11785714285714285 1.0
60 0.5848214285714286 0.5 0.05892857142857143 1.0
44 0.6450892857142857 0.5 0.07366071428571429 1.0
40 0.7120535714285714 0.5 0.07366071428571429 1.0
61 0.7723214285714286 0.5 0.05892857142857143 1.0
46 0.8325892857142857 0.5 0.07366071428571429 1.0
44 0.8995535714285714 0.5 0.07366071428571429 1.0
43 0.9631696428571429 0.5 0.07366071428571429 1.0
