61 0.050806451612903224 0.5 0.10161290322580645 1.0
44 0.15725806451612903 0.5 0.13306451612903228 1.0
60 0.2661290322580645 0.5 0.10645161290322581 1.0
60 0.3629032258064516 0.5 0.10645161290322581 1.0
58 0.44354838709677413 0.5 0.07096774193548387 1.0
63 0.5241935483870968 0.5 0.10645161290322581 1.0
56 0.6330645161290323 0.5 0.13306451612903228 1.0
58 0.7258064516129032 0.5 0.07096774193548387 1.0
48 0.8185483870967742 0.5 0.13306451612903228 1.0
45 0.9334677419354839 0.5 0.13306451612903228 1.0
