52 0.04801829268292683 0.5 0.09603658536585366 1.0
53 0.13719512195121952 0.5 0.10060975609756098 1.0
50 0.22865853658536583 0.5 0.10060975609756098 1.0
44 0.3201219512195122 0.5 0.10060975609756098 1.0
60 0.40243902439024387 0.5 0.08048780487804878 1.0
48 0.4847560975609756 0.5 0.10060975609756098 1.0
40 0.576219512195122 0.5 0.10060975609756098 1.0
61 0.6585365853658537 0.5 0.08048780487804878 1.0
53 0.7408536585365854 0.5 0.10060975609756098 1.0
60 0.8231707317073171 0.5 0.08048780487804878 1.0
40 0.9054878048780488 0.5 0.10060975609756098 1.0
59 0.973170731707317 0.5 0.05365853658536586 1.0
