54 0.05431034482758621 0.5 0.10862068965517242 1.0
44 0.15517241379310345 0.5 0.11379310344827587 1.0
52 0.25862068965517243 0.5 0.11379310344827587 1.0
61 0.3517241379310345 0.5 0.0910344827586207 1.0
58 0.4206896551724138 0.5 0.0606896551724138 1.0
45 0.5 0.5 0.11379310344827587 1.0
40 0.603448275862069 0.5 0.11379310344827587 1.0
61 0.696551724137931 0.5 0.0910344827586207 1.0
58 0.7655172413793103 0.5 0.0606896551724138 1.0
49 0.8448275862068966 0.5 0.11379310344827587 1.0
48 0.943103448275862 0.5 0.11379310344827587 1.0
