35 0.04743975903614458 0.5 0.09487951807228916 1.0
64 0.16265060240963855 0.5 0.15903614457831325 1.0
64 0.3072289156626506 0.5 0.15903614457831325 1.0
44 0.4246987951807229 0.5 0.09939759036144578 1.0
43 0.5150602409638554 0.5 0.09939759036144578 1.0
58 0.5843373493975903 0.5 0.05301204819277109 1.0
40 0.6536144578313253 0.5 0.09939759036144578 1.0
61 0.7349397590361446 0.5 0.07951807228915662 1.0
44 0.8162650602409639 0.5 0.09939759036144578 1.0
59 0.8855421686746987 0.5 0.05301204819277109 1.0
56 0.9503012048192772 0.5 0.09939759036144578 1.0
