29 0.060678391959798995 0.5 0.12135678391959799 1.0
46 0.15326633165829145 0.5 0.0829145728643216 1.0
49 0.228643216080402 0.5 0.0829145728643216 1.0
60 0.2964824120603015 0.5 0.06633165829145729 1.0
48 0.364321608040201 0.5 0.0829145728643216 1.0
44 0.4396984924623115 0.5 0.0829145728643216 1.0
56 0.5150753768844221 0.5 0.0829145728643216 1.0
42 0.5904522613065326 0.5 0.0829145728643216 1.0
60 0.6582914572864321 0.5 0.06633165829145729 1.0
49 0.7261306532663316 0.5 0.0829145728643216 1.0
63 0.7939698492462312 0.5 0.06633165829145729 1.0
61 0.8542713567839195 0.5 0.06633165829145729 1.0
2 0.9045226130653266 0.5 0.044221105527638194 1.0
52 0.9585427135678392 0.5 0.0829145728643216 1.0
