42 0.04743975903614458 0.5 0.09487951807228916 1.0
49 0.1355421686746988 0.5 0.09939759036144578 1.0
59 0.20481927710843373 0.5 0.05301204819277109 1.0
43 0.2740963855421687 0.5 0.09939759036144578 1.0
37 0.3644578313253012 0.5 0.09939759036144578 1.0
41 0.45481927710843373 0.5 0.09939759036144578 1.0
59 0.5240963855421686 0.5 0.05301204819277109 1.0
49 0.5933734939759037 0.5 0.09939759036144578 1.0
49 0.6837349397590361 0.5 0.09939759036144578 1.0
43 0.7740963855421686 0.5 0.09939759036144578 1.0
44 0.8644578313253012 0.5 0.09939759036144578 1.0
43 0.9503012048192772 0.5 0.09939759036144578 1.0
