61 0.03442622950819672 0.5 0.06885245901639345 1.0
46 0.10655737704918034 0.5 0.09016393442622951 1.0
53 0.1885245901639344 0.5 0.09016393442622951 1.0
64 0.29508196721311475 0.5 0.14426229508196722 1.0
41 0.4016393442622951 0.5 0.09016393442622951 1.0
37 0.48360655737704916 0.5 0.09016393442622951 1.0
61 0.5573770491803279 0.5 0.07213114754098361 1.0
40 0.6311475409836066 0.5 0.09016393442622951 1.0
42 0.7131147540983607 0.5 0.09016393442622951 1.0
47 0.7950819672131147 0.5 0.09016393442622951 1.0
44 0.8770491803278688 0.5 0.09016393442622951 1.0
43 0.9549180327868853 0.5 0.09016393442622951 1.0
