16 0.05439189189189189 0.5 0.10878378378378378 1.0
17 0.1554054054054054 0.5 0.11396396396396397 1.0
22 0.25900900900900903 0.5 0.11396396396396397 1.0
35 0.34459459459459457 0.5 0.07432432432432433 1.0
19 0.4301801801801802 0.5 0.11396396396396397 1.0
20 0.5337837837837838 0.5 0.11396396396396397 1.0
29 0.6373873873873874 0.5 0.11396396396396397 1.0
18 0.740990990990991 0.5 0.11396396396396397 1.0
30 0.8445945945945946 0.5 0.11396396396396397 1.0
22 0.943018018018018 0.5 0.11396396396396397 1.0
