40 0.047155688622754495 0.5 0.09431137724550899 1.0
42 0.1347305389221557 0.5 0.09880239520958084 1.0
42 0.2245508982035928 0.5 0.09880239520958084 1.0
49 0.31437125748503 0.5 0.09880239520958084 1.0
64 0.4311377245508982 0.5 0.15808383233532936 1.0
50 0.5479041916167664 0.5 0.09880239520958084 1.0
40 0.6377245508982036 0.5 0.09880239520958084 1.0
48 0.7275449101796407 0.5 0.09880239520958084 1.0
58 0.7964071856287425 0.5 0.05269461077844312 1.0
44 0.8652694610778443 0.5 0.09880239520958084 1.0
43 0.9505988023952096 0.5 0.09880239520958084 1.0
