39 0.12484756097560976 0.5 0.2496951219512195 1.0
40 0.28353658536585363 0.5 0.10060975609756098 1.0
52 0.37499999999999994 0.5 0.10060975609756098 1.0
46 0.4664634146341463 0.5 0.10060975609756098 1.0
58 0.5365853658536586 0.5 0.05365853658536586 1.0
48 0.6067073170731707 0.5 0.10060975609756098 1.0
45 0.6981707317073171 0.5 0.10060975609756098 1.0
61 0.7804878048780488 0.5 0.08048780487804878 1.0
49 0.8628048780487805 0.5 0.10060975609756098 1.0
48 0.9496951219512195 0.5 0.10060975609756098 1.0
