40 0.05285234899328859 0.5 0.10570469798657718 1.0
59 0.12751677852348992 0.5 0.059060402684563765 1.0
59 0.18120805369127516 0.5 0.059060402684563765 1.0
37 0.2583892617449664 0.5 0.11073825503355705 1.0
27 0.3859060402684564 0.5 0.1697986577181208 1.0
44 0.5134228187919463 0.5 0.11073825503355705 1.0
45 0.6140939597315436 0.5 0.11073825503355705 1.0
53 0.7147651006711409 0.5 0.11073825503355705 1.0
59 0.7919463087248322 0.5 0.059060402684563765 1.0
40 0.8691275167785234 0.5 0.11073825503355705 1.0
60 0.9557046979865772 0.5 0.08859060402684564 1.0
