58 0.03134328358208955 0.5 0.0626865671641791 1.0
48 0.11567164179104478 0.5 0.12313432835820896 1.0
61 0.21641791044776118 0.5 0.09850746268656717 1.0
44 0.3171641791044776 0.5 0.12313432835820896 1.0
45 0.4291044776119403 0.5 0.12313432835820896 1.0
60 0.5298507462686567 0.5 0.09850746268656717 1.0
40 0.6305970149253731 0.5 0.12313432835820896 1.0
61 0.7313432835820896 0.5 0.09850746268656717 1.0
44 0.832089552238806 0.5 0.12313432835820896 1.0
43 0.9384328358208955 0.5 0.12313432835820896 1.0
