13 0.08104026845637584 0.5 0.16208053691275168 1.0
48 0.2046979865771812 0.5 0.11073825503355705 1.0
61 0.29530201342281875 0.5 0.08859060402684564 1.0
49 0.3859060402684563 0.5 0.11073825503355705 1.0
48 0.48657718120805366 0.5 0.11073825503355705 1.0
58 0.5637583892617449 0.5 0.059060402684563765 1.0
49 0.6409395973154361 0.5 0.11073825503355705 1.0
48 0.7416107382550335 0.5 0.11073825503355705 1.0
58 0.8187919463087248 0.5 0.059060402684563765 1.0
2 0.87248322147651 0.5 0.059060402684563765 1.0
52 0.9446308724832215 0.5 0.11073825503355705 1.0
