35 0.04578488372093024 0.5 0.09156976744186048 1.0
48 0.1308139534883721 0.5 0.09593023255813954 1.0
61 0.20930232558139536 0.5 0.07674418604651163 1.0
44 0.2877906976744186 0.5 0.09593023255813954 1.0
60 0.3662790697674419 0.5 0.07674418604651163 1.0
48 0.44476744186046513 0.5 0.09593023255813954 1.0
40 0.5319767441860465 0.5 0.09593023255813954 1.0
61 0.6104651162790697 0.5 0.07674418604651163 1.0
58 0.6686046511627908 0.5 0.051162790697674425 1.0
49 0.7354651162790697 0.5 0.09593023255813954 1.0
48 0.8226744186046512 0.5 0.09593023255813954 1.0
40 0.9098837209302325 0.5 0.09593023255813954 1.0
59 0.9744186046511628 0.5 0.051162790697674425 1.0
