19 0.0727409638554217 0.5 0.1454819277108434 1.0
40 0.18373493975903615 0.5 0.09939759036144578 1.0
58 0.2530120481927711 0.5 0.05301204819277109 1.0
61 0.3132530120481928 0.5 0.07951807228915662 1.0
52 0.39457831325301207 0.5 0.09939759036144578 1.0
47 0.4849397590361446 0.5 0.09939759036144578 1.0
44 0.5753012048192772 0.5 0.09939759036144578 1.0
59 0.644578313253012 0.5 0.05301204819277109 1.0
59 0.6927710843373494 0.5 0.05301204819277109 1.0
58 0.7409638554216867 0.5 0.05301204819277109 1.0
52 0.8102409638554217 0.5 0.09939759036144578 1.0
64 0.9204819277108434 0.5 0.15903614457831325 1.0
