13 0.054886363636363636 0.5 0.10977272727272727 1.0
43 0.1386363636363636 0.5 0.075 1.0
64 0.22727272727272727 0.5 0.12000000000000001 1.0
58 0.3 0.5 0.04 1.0
48 0.3522727272727273 0.5 0.075 1.0
58 0.40454545454545454 0.5 0.04 1.0
52 0.4568181818181818 0.5 0.075 1.0
61 0.5181818181818181 0.5 0.060000000000000005 1.0
60 0.5727272727272726 0.5 0.060000000000000005 1.0
40 0.634090909090909 0.5 0.075 1.0
61 0.6954545454545453 0.5 0.060000000000000005 1.0
58 0.7409090909090909 0.5 0.04 1.0
49 0.7931818181818181 0.5 0.075 1.0
48 0.8613636363636363 0.5 0.075 1.0
2 0.9136363636363636 0.5 0.04 1.0
52 0.9625 0.5 0.075 1.0
