50 0.04861111111111111 0.5 0.09722222222222222 1.0
60 0.12962962962962962 0.5 0.08148148148148149 1.0
49 0.21296296296296297 0.5 0.10185185185185186 1.0
45 0.3055555555555555 0.5 0.10185185185185186 1.0
60 0.3888888888888889 0.5 0.08148148148148149 1.0
40 0.4722222222222222 0.5 0.10185185185185186 1.0
64 0.5925925925925926 0.5 0.16296296296296298 1.0
64 0.7407407407407407 0.5 0.16296296296296298 1.0
44 0.861111111111111 0.5 0.10185185185185186 1.0
52 0.9490740740740741 0.5 0.10185185185185186 1.0
