58 0.03414634146341464 0.5 0.06829268292682927 1.0
48 0.12601626016260165 0.5 0.13414634146341464 1.0
43 0.24796747967479676 0.5 0.13414634146341464 1.0
53 0.3699186991869919 0.5 0.13414634146341464 1.0
52 0.491869918699187 0.5 0.13414634146341464 1.0
61 0.6016260162601627 0.5 0.10731707317073172 1.0
60 0.6991869918699187 0.5 0.10731707317073172 1.0
58 0.7804878048780487 0.5 0.07154471544715449 1.0
40 0.8739837398373984 0.5 0.13414634146341464 1.0
59 0.9642276422764228 0.5 0.07154471544715449 1.0
