50 0.04632352941176471 0.5 0.09264705882352942 1.0
59 0.11176470588235295 0.5 0.05176470588235294 1.0
40 0.17941176470588238 0.5 0.09705882352941178 1.0
56 0.2676470588235294 0.5 0.09705882352941178 1.0
37 0.3558823529411765 0.5 0.09705882352941178 1.0
45 0.44411764705882356 0.5 0.09705882352941178 1.0
60 0.5235294117647059 0.5 0.07764705882352942 1.0
49 0.6029411764705882 0.5 0.09705882352941178 1.0
53 0.6911764705882353 0.5 0.09705882352941178 1.0
48 0.7794117647058824 0.5 0.09705882352941178 1.0
43 0.8676470588235294 0.5 0.09705882352941178 1.0
52 0.9514705882352941 0.5 0.09705882352941178 1.0
