48 0.05147058823529412 0.5 0.10294117647058824 1.0
40 0.14705882352941177 0.5 0.10784313725490197 1.0
61 0.23529411764705882 0.5 0.08627450980392158 1.0
58 0.30065359477124187 0.5 0.05751633986928105 1.0
49 0.3758169934640523 0.5 0.10784313725490197 1.0
48 0.4738562091503268 0.5 0.10784313725490197 1.0
40 0.5718954248366014 0.5 0.10784313725490197 1.0
59 0.6470588235294118 0.5 0.05751633986928105 1.0
58 0.6993464052287582 0.5 0.05751633986928105 1.0
52 0.7745098039215687 0.5 0.10784313725490197 1.0
61 0.8627450980392156 0.5 0.08627450980392158 1.0
52 0.946078431372549 0.5 0.10784313725490197 1.0
