43 0.05147058823529412 0.5 0.10294117647058824 1.0
44 0.14705882352941177 0.5 0.10784313725490197 1.0
59 0.2222222222222222 0.5 0.05751633986928105 1.0
58 0.27450980392156865 0.5 0.05751633986928105 1.0
41 0.34967320261437906 0.5 0.10784313725490197 1.0
44 0.4477124183006536 0.5 0.10784313725490197 1.0
60 0.5359477124183006 0.5 0.08627450980392158 1.0
40 0.6241830065359477 0.5 0.10784313725490197 1.0
61 0.7124183006535948 0.5 0.08627450980392158 1.0
44 0.8006535947712419 0.5 0.10784313725490197 1.0
59 0.8758169934640523 0.5 0.05751633986928105 1.0
56 0.946078431372549 0.5 0.10784313725490197 1.0
