42 0.04984177215189874 0.5 0.09968354430379749 1.0
49 0.14240506329113925 0.5 0.10443037974683546 1.0
64 0.2658227848101266 0.5 0.16708860759493674 1.0
64 0.41772151898734183 0.5 0.16708860759493674 1.0
44 0.5411392405063291 0.5 0.10443037974683546 1.0
48 0.6360759493670887 0.5 0.10443037974683546 1.0
61 0.7215189873417722 0.5 0.08354430379746837 1.0
58 0.7848101265822786 0.5 0.055696202531645575 1.0
48 0.8575949367088608 0.5 0.10443037974683546 1.0
45 0.9477848101265822 0.5 0.10443037974683546 1.0
