61 0.044366197183098595 0.5 0.08873239436619719 1.0
46 0.13732394366197181 0.5 0.11619718309859156 1.0
44 0.24295774647887325 0.5 0.11619718309859156 1.0
49 0.3485915492957746 0.5 0.11619718309859156 1.0
60 0.44366197183098594 0.5 0.09295774647887324 1.0
44 0.5387323943661972 0.5 0.11619718309859156 1.0
61 0.6338028169014085 0.5 0.09295774647887324 1.0
58 0.704225352112676 0.5 0.0619718309859155 1.0
42 0.7852112676056339 0.5 0.11619718309859156 1.0
40 0.8908450704225352 0.5 0.11619718309859156 1.0
59 0.9690140845070423 0.5 0.0619718309859155 1.0
