52 0.03612385321100918 0.5 0.07224770642201836 1.0
59 0.0871559633027523 0.5 0.04036697247706422 1.0
44 0.13990825688073394 0.5 0.07568807339449542 1.0
43 0.20871559633027525 0.5 0.07568807339449542 1.0
45 0.2775229357798165 0.5 0.07568807339449542 1.0
44 0.34633027522935783 0.5 0.07568807339449542 1.0
37 0.41513761467889915 0.5 0.07568807339449542 1.0
46 0.4839449541284404 0.5 0.07568807339449542 1.0
40 0.5527522935779816 0.5 0.07568807339449542 1.0
64 0.6422018348623854 0.5 0.12110091743119268 1.0
64 0.7522935779816514 0.5 0.12110091743119268 1.0
44 0.841743119266055 0.5 0.07568807339449542 1.0
60 0.9036697247706422 0.5 0.06055045871559634 1.0
52 0.9621559633027523 0.5 0.07568807339449542 1.0
