14 0.08944444444444445 0.5 0.1788888888888889 1.0
60 0.21481481481481482 0.5 0.09777777777777778 1.0
58 0.28888888888888886 0.5 0.0651851851851852 1.0
61 0.362962962962963 0.5 0.09777777777777778 1.0
58 0.43703703703703706 0.5 0.0651851851851852 1.0
52 0.5222222222222223 0.5 0.12222222222222223 1.0
46 0.6333333333333333 0.5 0.12222222222222223 1.0
44 0.7444444444444445 0.5 0.12222222222222223 1.0
60 0.8444444444444444 0.5 0.09777777777777778 1.0
52 0.9388888888888889 0.5 0.12222222222222223 1.0
