53 0.049528301886792456 0.5 0.09905660377358491 1.0
48 0.14150943396226418 0.5 0.1037735849056604 1.0
43 0.2358490566037736 0.5 0.1037735849056604 1.0
44 0.33018867924528306 0.5 0.1037735849056604 1.0
60 0.41509433962264153 0.5 0.08301886792452831 1.0
45 0.5 0.5 0.1037735849056604 1.0
60 0.5849056603773585 0.5 0.08301886792452831 1.0
49 0.669811320754717 0.5 0.1037735849056604 1.0
53 0.7641509433962265 0.5 0.1037735849056604 1.0
48 0.8584905660377359 0.5 0.1037735849056604 1.0
43 0.9481132075471698 0.5 0.1037735849056604 1.0
