46 0.049528301886792456 0.5 0.09905660377358491 1.0
44 0.14150943396226418 0.5 0.1037735849056604 1.0
59 0.2138364779874214 0.5 0.05534591194968554 1.0
58 0.2641509433962264 0.5 0.05534591194968554 1.0
37 0.3364779874213837 0.5 0.1037735849056604 1.0
46 0.4308176100628931 0.5 0.1037735849056604 1.0
49 0.5251572327044025 0.5 0.1037735849056604 1.0
50 0.619496855345912 0.5 0.1037735849056604 1.0
50 0.7138364779874214 0.5 0.1037735849056604 1.0
58 0.7861635220125787 0.5 0.05534591194968554 1.0
48 0.8584905660377359 0.5 0.1037735849056604 1.0
45 0.9481132075471698 0.5 0.1037735849056604 1.0
