60 0.048461538461538466 0.5 0.09692307692307693 1.0
44 0.15000000000000002 0.5 0.12692307692307694 1.0
54 0.2653846153846154 0.5 0.12692307692307694 1.0
49 0.3807692307692308 0.5 0.12692307692307694 1.0
59 0.46923076923076923 0.5 0.0676923076923077 1.0
53 0.5576923076923077 0.5 0.12692307692307694 1.0
61 0.6615384615384616 0.5 0.10153846153846155 1.0
58 0.7384615384615385 0.5 0.0676923076923077 1.0
49 0.826923076923077 0.5 0.12692307692307694 1.0
48 0.9365384615384615 0.5 0.12692307692307694 1.0
