64 0.0711864406779661 0.5 0.1423728813559322 1.0
44 0.17796610169491525 0.5 0.09322033898305085 1.0
48 0.2627118644067796 0.5 0.09322033898305085 1.0
37 0.34745762711864403 0.5 0.09322033898305085 1.0
40 0.43220338983050843 0.5 0.09322033898305085 1.0
61 0.5084745762711864 0.5 0.07457627118644068 1.0
37 0.5847457627118644 0.5 0.09322033898305085 1.0
40 0.6694915254237288 0.5 0.09322033898305085 1.0
60 0.7457627118644068 0.5 0.07457627118644068 1.0
64 0.847457627118644 0.5 0.14915254237288136 1.0
52 0.9533898305084746 0.5 0.09322033898305085 1.0
