42 0.060576923076923084 0.5 0.12115384615384617 1.0
46 0.17307692307692307 0.5 0.12692307692307694 1.0
44 0.2884615384615385 0.5 0.12692307692307694 1.0
44 0.40384615384615385 0.5 0.12692307692307694 1.0
60 0.5076923076923077 0.5 0.10153846153846155 1.0
63 0.6000000000000001 0.5 0.10153846153846155 1.0
53 0.7038461538461539 0.5 0.12692307692307694 1.0
59 0.7923076923076924 0.5 0.0676923076923077 1.0
59 0.8538461538461539 0.5 0.0676923076923077 1.0
56 0.9365384615384615 0.5 0.12692307692307694 1.0
