46 0.04449152542372881 0.5 0.08898305084745763 1.0
44 0.1271186440677966 0.5 0.09322033898305085 1.0
53 0.211864406779661 0.5 0.09322033898305085 1.0
52 0.2966101694915254 0.5 0.09322033898305085 1.0
42 0.3813559322033898 0.5 0.09322033898305085 1.0
46 0.4661016949152542 0.5 0.09322033898305085 1.0
60 0.5423728813559322 0.5 0.07457627118644068 1.0
44 0.6186440677966102 0.5 0.09322033898305085 1.0
42 0.7033898305084746 0.5 0.09322033898305085 1.0
47 0.788135593220339 0.5 0.09322033898305085 1.0
44 0.8728813559322034 0.5 0.09322033898305085 1.0
48 0.9533898305084746 0.5 0.09322033898305085 1.0
