4 0.049528301886792456 0.5 0.09905660377358491 1.0
77 0.14150943396226418 0.5 0.1037735849056604 1.0
5 0.2358490566037736 0.5 0.1037735849056604 1.0
37 0.33018867924528306 0.5 0.1037735849056604 1.0
58 0.4025157232704403 0.5 0.05534591194968554 1.0
48 0.4748427672955975 0.5 0.1037735849056604 1.0
0 0.5471698113207547 0.5 0.05534591194968554 1.0
37 0.619496855345912 0.5 0.1037735849056604 1.0
59 0.6918238993710693 0.5 0.05534591194968554 1.0
49 0.7641509433962265 0.5 0.1037735849056604 1.0
48 0.8584905660377359 0.5 0.1037735849056604 1.0
45 0.9481132075471698 0.5 0.1037735849056604 1.0
