40 0.05285234899328859 0.5 0.10570469798657718 1.0
52 0.15100671140939598 0.5 0.11073825503355705 1.0
52 0.25167785234899326 0.5 0.11073825503355705 1.0
53 0.3523489932885906 0.5 0.11073825503355705 1.0
64 0.4832214765100671 0.5 0.17718120805369128 1.0
50 0.6140939597315436 0.5 0.11073825503355705 1.0
61 0.7046979865771812 0.5 0.08859060402684564 1.0
58 0.7718120805369126 0.5 0.059060402684563765 1.0
49 0.848993288590604 0.5 0.11073825503355705 1.0
48 0.9446308724832215 0.5 0.11073825503355705 1.0
