63 0.043448275862068966 0.5 0.08689655172413793 1.0
53 0.13448275862068965 0.5 0.11379310344827587 1.0
60 0.2275862068965517 0.5 0.0910344827586207 1.0
48 0.32068965517241377 0.5 0.11379310344827587 1.0
58 0.39999999999999997 0.5 0.0606896551724138 1.0
52 0.47931034482758617 0.5 0.11379310344827587 1.0
46 0.5827586206896551 0.5 0.11379310344827587 1.0
58 0.6620689655172414 0.5 0.0606896551724138 1.0
48 0.7413793103448276 0.5 0.11379310344827587 1.0
45 0.8448275862068966 0.5 0.11379310344827587 1.0
52 0.943103448275862 0.5 0.11379310344827587 1.0
