50 0.05921052631578947 0.5 0.11842105263157894 1.0
44 0.16917293233082706 0.5 0.12406015037593986 1.0
60 0.2706766917293233 0.5 0.09924812030075188 1.0
52 0.3721804511278195 0.5 0.12406015037593986 1.0
49 0.4849624060150376 0.5 0.12406015037593986 1.0
48 0.5977443609022556 0.5 0.12406015037593986 1.0
40 0.7105263157894736 0.5 0.12406015037593986 1.0
59 0.7969924812030075 0.5 0.0661654135338346 1.0
59 0.8571428571428571 0.5 0.0661654135338346 1.0
56 0.9379699248120301 0.5 0.12406015037593986 1.0
