49 0.049528301886792456 0.5 0.09905660377358491 1.0
48 0.14150943396226418 0.5 0.1037735849056604 1.0
44 0.2358490566037736 0.5 0.1037735849056604 1.0
37 0.33018867924528306 0.5 0.1037735849056604 1.0
40 0.42452830188679247 0.5 0.1037735849056604 1.0
48 0.5188679245283019 0.5 0.1037735849056604 1.0
49 0.6132075471698114 0.5 0.1037735849056604 1.0
61 0.6981132075471699 0.5 0.08301886792452831 1.0
46 0.7830188679245284 0.5 0.1037735849056604 1.0
44 0.8773584905660378 0.5 0.1037735849056604 1.0
60 0.9584905660377359 0.5 0.08301886792452831 1.0
