52 0.05506993006993007 0.5 0.11013986013986014 1.0
40 0.15734265734265734 0.5 0.11538461538461539 1.0
59 0.23776223776223776 0.5 0.06153846153846154 1.0
61 0.3076923076923077 0.5 0.09230769230769231 1.0
37 0.4020979020979021 0.5 0.11538461538461539 1.0
65 0.5384615384615384 0.5 0.18461538461538463 1.0
40 0.6748251748251748 0.5 0.11538461538461539 1.0
61 0.7692307692307693 0.5 0.09230769230769231 1.0
44 0.8636363636363638 0.5 0.11538461538461539 1.0
60 0.9538461538461538 0.5 0.09230769230769231 1.0
