44 0.04891304347826087 0.5 0.09782608695652174 1.0
59 0.11801242236024845 0.5 0.0546583850931677 1.0
44 0.18944099378881987 0.5 0.10248447204968944 1.0
42 0.2826086956521739 0.5 0.10248447204968944 1.0
61 0.3664596273291925 0.5 0.08198757763975156 1.0
60 0.4409937888198758 0.5 0.08198757763975156 1.0
58 0.5031055900621119 0.5 0.0546583850931677 1.0
42 0.5745341614906833 0.5 0.10248447204968944 1.0
58 0.6459627329192547 0.5 0.0546583850931677 1.0
40 0.717391304347826 0.5 0.10248447204968944 1.0
48 0.8105590062111802 0.5 0.10248447204968944 1.0
52 0.9037267080745341 0.5 0.10248447204968944 1.0
2 0.9726708074534162 0.5 0.0546583850931677 1.0
