61 0.03058252427184466 0.5 0.06116504854368932 1.0
60 0.08737864077669903 0.5 0.06407766990291262 1.0
40 0.1529126213592233 0.5 0.08009708737864078 1.0
48 0.22572815533980584 0.5 0.08009708737864078 1.0
52 0.29854368932038833 0.5 0.08009708737864078 1.0
37 0.3713592233009708 0.5 0.08009708737864078 1.0
44 0.44417475728155337 0.5 0.08009708737864078 1.0
42 0.5169902912621359 0.5 0.08009708737864078 1.0
49 0.5898058252427184 0.5 0.08009708737864078 1.0
48 0.6626213592233009 0.5 0.08009708737864078 1.0
49 0.7354368932038834 0.5 0.08009708737864078 1.0
64 0.8300970873786407 0.5 0.12815533980582525 1.0
58 0.9077669902912621 0.5 0.04271844660194175 1.0
42 0.9599514563106796 0.5 0.08009708737864078 1.0
