64 0.075 0.5 0.15 1.0
40 0.1875 0.5 0.09821428571428573 1.0
48 0.2767857142857143 0.5 0.09821428571428573 1.0
37 0.36607142857142855 0.5 0.09821428571428573 1.0
52 0.45535714285714285 0.5 0.09821428571428573 1.0
61 0.5357142857142857 0.5 0.07857142857142857 1.0
53 0.6160714285714285 0.5 0.09821428571428573 1.0
43 0.7053571428571428 0.5 0.09821428571428573 1.0
44 0.7946428571428571 0.5 0.09821428571428573 1.0
48 0.8839285714285714 0.5 0.09821428571428573 1.0
61 0.9607142857142857 0.5 0.07857142857142857 1.0
