15 0.04038461538461539 0.5 0.08076923076923077 1.0
24 0.11538461538461539 0.5 0.08461538461538462 1.0
27 0.19230769230769232 0.5 0.08461538461538462 1.0
27 0.2692307692307693 0.5 0.08461538461538462 1.0
17 0.34615384615384615 0.5 0.08461538461538462 1.0
28 0.42307692307692313 0.5 0.08461538461538462 1.0
25 0.5 0.5 0.08461538461538462 1.0
24 0.576923076923077 0.5 0.08461538461538462 1.0
23 0.6538461538461539 0.5 0.08461538461538462 1.0
16 0.7307692307692307 0.5 0.08461538461538462 1.0
17 0.8076923076923077 0.5 0.08461538461538462 1.0
23 0.8846153846153847 0.5 0.08461538461538462 1.0
29 0.9576923076923077 0.5 0.08461538461538462 1.0
