52 0.058768656716417914 0.5 0.11753731343283583 1.0
61 0.15671641791044777 0.5 0.09850746268656717 1.0
60 0.2462686567164179 0.5 0.09850746268656717 1.0
44 0.34701492537313433 0.5 0.12313432835820896 1.0
61 0.44776119402985076 0.5 0.09850746268656717 1.0
42 0.5485074626865671 0.5 0.12313432835820896 1.0
46 0.6604477611940298 0.5 0.12313432835820896 1.0
58 0.7462686567164178 0.5 0.06567164179104477 1.0
48 0.832089552238806 0.5 0.12313432835820896 1.0
45 0.9384328358208955 0.5 0.12313432835820896 1.0
