42 0.05113636363636364 0.5 0.10227272727272728 1.0
49 0.14610389610389612 0.5 0.10714285714285715 1.0
64 0.2727272727272727 0.5 0.17142857142857143 1.0
50 0.39935064935064934 0.5 0.10714285714285715 1.0
44 0.4967532467532467 0.5 0.10714285714285715 1.0
61 0.5844155844155844 0.5 0.08571428571428572 1.0
58 0.6493506493506493 0.5 0.05714285714285715 1.0
61 0.7142857142857143 0.5 0.08571428571428572 1.0
58 0.7792207792207793 0.5 0.05714285714285715 1.0
49 0.8538961038961039 0.5 0.10714285714285715 1.0
48 0.9464285714285714 0.5 0.10714285714285715 1.0
