40 0.06402439024390244 0.5 0.12804878048780488 1.0
42 0.18292682926829268 0.5 0.13414634146341464 1.0
61 0.2926829268292683 0.5 0.10731707317073172 1.0
58 0.37398373983739835 0.5 0.07154471544715449 1.0
54 0.46747967479674796 0.5 0.13414634146341464 1.0
58 0.5609756097560975 0.5 0.07154471544715449 1.0
61 0.6422764227642277 0.5 0.10731707317073172 1.0
58 0.7235772357723577 0.5 0.07154471544715449 1.0
44 0.8170731707317074 0.5 0.13414634146341464 1.0
52 0.9329268292682926 0.5 0.13414634146341464 1.0
