44 0.05048076923076924 0.5 0.10096153846153848 1.0
52 0.14423076923076925 0.5 0.10576923076923078 1.0
61 0.23076923076923078 0.5 0.08461538461538462 1.0
40 0.31730769230769235 0.5 0.10576923076923078 1.0
41 0.4134615384615385 0.5 0.10576923076923078 1.0
59 0.4871794871794872 0.5 0.05641025641025641 1.0
58 0.5384615384615385 0.5 0.05641025641025641 1.0
52 0.6121794871794872 0.5 0.10576923076923078 1.0
46 0.7083333333333334 0.5 0.10576923076923078 1.0
58 0.782051282051282 0.5 0.05641025641025641 1.0
48 0.8557692307692308 0.5 0.10576923076923078 1.0
45 0.9471153846153846 0.5 0.10576923076923078 1.0
