30 0.0764240506329114 0.5 0.1528481012658228 1.0
48 0.1930379746835443 0.5 0.10443037974683546 1.0
43 0.2879746835443038 0.5 0.10443037974683546 1.0
44 0.38291139240506333 0.5 0.10443037974683546 1.0
60 0.46835443037974683 0.5 0.08354430379746837 1.0
65 0.5822784810126582 0.5 0.16708860759493674 1.0
40 0.7056962025316457 0.5 0.10443037974683546 1.0
61 0.7911392405063291 0.5 0.08354430379746837 1.0
44 0.8765822784810127 0.5 0.10443037974683546 1.0
60 0.9582278481012658 0.5 0.08354430379746837 1.0
