52 0.060114503816793896 0.5 0.12022900763358779 1.0
61 0.16030534351145037 0.5 0.10076335877862597 1.0
60 0.2519083969465649 0.5 0.10076335877862597 1.0
40 0.3549618320610687 0.5 0.12595419847328246 1.0
61 0.45801526717557256 0.5 0.10076335877862597 1.0
44 0.5610687022900763 0.5 0.12595419847328246 1.0
45 0.6755725190839695 0.5 0.12595419847328246 1.0
58 0.7633587786259542 0.5 0.06717557251908397 1.0
52 0.851145038167939 0.5 0.12595419847328246 1.0
61 0.949618320610687 0.5 0.10076335877862597 1.0
