63 0.04701492537313433 0.5 0.09402985074626866 1.0
49 0.1455223880597015 0.5 0.12313432835820896 1.0
60 0.2462686567164179 0.5 0.09850746268656717 1.0
44 0.34701492537313433 0.5 0.12313432835820896 1.0
58 0.43283582089552236 0.5 0.06567164179104477 1.0
45 0.5186567164179104 0.5 0.12313432835820896 1.0
48 0.6305970149253731 0.5 0.12313432835820896 1.0
44 0.7425373134328358 0.5 0.12313432835820896 1.0
60 0.8432835820895522 0.5 0.09850746268656717 1.0
52 0.9384328358208955 0.5 0.12313432835820896 1.0
