58 0.023728813559322035 0.5 0.04745762711864407 1.0
48 0.08757062146892655 0.5 0.09322033898305085 1.0
44 0.17231638418079095 0.5 0.09322033898305085 1.0
63 0.2485875706214689 0.5 0.07457627118644068 1.0
63 0.3163841807909605 0.5 0.07457627118644068 1.0
44 0.3926553672316384 0.5 0.09322033898305085 1.0
42 0.4774011299435028 0.5 0.09322033898305085 1.0
61 0.5536723163841808 0.5 0.07457627118644068 1.0
53 0.6299435028248588 0.5 0.09322033898305085 1.0
40 0.7146892655367232 0.5 0.09322033898305085 1.0
59 0.7796610169491526 0.5 0.04971751412429379 1.0
58 0.8248587570621468 0.5 0.04971751412429379 1.0
61 0.8813559322033898 0.5 0.07457627118644068 1.0
56 0.9533898305084746 0.5 0.09322033898305085 1.0
