40 0.04659763313609468 0.5 0.09319526627218935 1.0
53 0.1331360946745562 0.5 0.09763313609467456 1.0
61 0.21301775147928992 0.5 0.07810650887573965 1.0
46 0.29289940828402367 0.5 0.09763313609467456 1.0
49 0.3816568047337278 0.5 0.09763313609467456 1.0
60 0.4615384615384615 0.5 0.07810650887573965 1.0
58 0.5207100591715976 0.5 0.05207100591715977 1.0
61 0.5798816568047337 0.5 0.07810650887573965 1.0
40 0.6597633136094675 0.5 0.09763313609467456 1.0
61 0.7396449704142011 0.5 0.07810650887573965 1.0
58 0.7988165680473372 0.5 0.05207100591715977 1.0
54 0.8668639053254438 0.5 0.09763313609467456 1.0
44 0.9511834319526628 0.5 0.09763313609467456 1.0
