50 0.057481751824817524 0.5 0.11496350364963505 1.0
60 0.15328467153284672 0.5 0.09635036496350366 1.0
49 0.2518248175182482 0.5 0.12043795620437958 1.0
63 0.35036496350364965 0.5 0.09635036496350366 1.0
44 0.4489051094890511 0.5 0.12043795620437958 1.0
52 0.5583941605839416 0.5 0.12043795620437958 1.0
52 0.6678832116788321 0.5 0.12043795620437958 1.0
58 0.7518248175182481 0.5 0.06423357664233577 1.0
49 0.8357664233576643 0.5 0.12043795620437958 1.0
48 0.9397810218978102 0.5 0.12043795620437958 1.0
