42 0.04399441340782123 0.5 0.08798882681564246 1.0
49 0.12569832402234637 0.5 0.09217877094972067 1.0
48 0.2094972067039106 0.5 0.09217877094972067 1.0
61 0.28491620111731847 0.5 0.07374301675977654 1.0
60 0.35195530726256985 0.5 0.07374301675977654 1.0
40 0.4273743016759776 0.5 0.09217877094972067 1.0
54 0.5111731843575419 0.5 0.09217877094972067 1.0
44 0.5949720670391062 0.5 0.09217877094972067 1.0
48 0.6787709497206704 0.5 0.09217877094972067 1.0
61 0.7541899441340781 0.5 0.07374301675977654 1.0
58 0.8100558659217877 0.5 0.04916201117318436 1.0
49 0.8743016759776536 0.5 0.09217877094972067 1.0
48 0.9539106145251397 0.5 0.09217877094972067 1.0
