52 0.05180921052631579 0.5 0.10361842105263158 1.0
53 0.14802631578947367 0.5 0.10855263157894737 1.0
41 0.2467105263157895 0.5 0.10855263157894737 1.0
49 0.34539473684210525 0.5 0.10855263157894737 1.0
60 0.4342105263157895 0.5 0.0868421052631579 1.0
43 0.5230263157894737 0.5 0.10855263157894737 1.0
58 0.5986842105263158 0.5 0.05789473684210526 1.0
48 0.6743421052631579 0.5 0.10855263157894737 1.0
40 0.7730263157894737 0.5 0.10855263157894737 1.0
61 0.861842105263158 0.5 0.0868421052631579 1.0
44 0.9457236842105263 0.5 0.10855263157894737 1.0
