50 0.05921052631578947 0.5 0.11842105263157894 1.0
49 0.16917293233082706 0.5 0.12406015037593986 1.0
59 0.2556390977443609 0.5 0.0661654135338346 1.0
59 0.3157894736842105 0.5 0.0661654135338346 1.0
37 0.4022556390977443 0.5 0.12406015037593986 1.0
61 0.5037593984962405 0.5 0.09924812030075188 1.0
40 0.6052631578947368 0.5 0.12406015037593986 1.0
55 0.7180451127819548 0.5 0.12406015037593986 1.0
44 0.8308270676691728 0.5 0.12406015037593986 1.0
52 0.9379699248120301 0.5 0.12406015037593986 1.0
