17 0.07187500000000001 0.5 0.14375000000000002 1.0
55 0.18154761904761907 0.5 0.09821428571428573 1.0
61 0.2619047619047619 0.5 0.07857142857142857 1.0
60 0.3333333333333333 0.5 0.07857142857142857 1.0
40 0.4136904761904762 0.5 0.09821428571428573 1.0
37 0.5029761904761905 0.5 0.09821428571428573 1.0
38 0.625 0.5 0.17023809523809524 1.0
53 0.7470238095238095 0.5 0.09821428571428573 1.0
60 0.8273809523809524 0.5 0.07857142857142857 1.0
40 0.9077380952380952 0.5 0.09821428571428573 1.0
59 0.9738095238095238 0.5 0.05238095238095238 1.0
