24 0.0706140350877193 0.5 0.1412280701754386 1.0
42 0.1783625730994152 0.5 0.09649122807017545 1.0
42 0.26608187134502925 0.5 0.09649122807017545 1.0
53 0.3538011695906432 0.5 0.09649122807017545 1.0
50 0.4415204678362573 0.5 0.09649122807017545 1.0
40 0.5292397660818713 0.5 0.09649122807017545 1.0
61 0.6081871345029239 0.5 0.07719298245614035 1.0
58 0.6666666666666666 0.5 0.05146198830409357 1.0
49 0.7339181286549707 0.5 0.09649122807017545 1.0
48 0.8216374269005847 0.5 0.09649122807017545 1.0
40 0.9093567251461988 0.5 0.09649122807017545 1.0
59 0.9742690058479532 0.5 0.05146198830409357 1.0
