38 0.05783898305084746 0.5 0.11567796610169492 1.0
13 0.15889830508474576 0.5 0.10720338983050849 1.0
15 0.2563559322033898 0.5 0.10720338983050849 1.0
38 0.36016949152542377 0.5 0.1211864406779661 1.0
35 0.4470338983050848 0.5 0.06991525423728814 1.0
22 0.527542372881356 0.5 0.10720338983050849 1.0
22 0.625 0.5 0.10720338983050849 1.0
13 0.722457627118644 0.5 0.10720338983050849 1.0
23 0.8199152542372882 0.5 0.10720338983050849 1.0
2 0.885593220338983 0.5 0.03728813559322034 1.0
28 0.9463983050847458 0.5 0.10720338983050849 1.0
