40 0.04233870967741936 0.5 0.08467741935483872 1.0
48 0.12096774193548387 0.5 0.08870967741935484 1.0
48 0.20161290322580644 0.5 0.08870967741935484 1.0
49 0.28225806451612906 0.5 0.08870967741935484 1.0
53 0.3629032258064516 0.5 0.08870967741935484 1.0
48 0.4435483870967742 0.5 0.08870967741935484 1.0
42 0.5241935483870968 0.5 0.08870967741935484 1.0
44 0.6048387096774193 0.5 0.08870967741935484 1.0
64 0.7096774193548387 0.5 0.14193548387096774 1.0
44 0.814516129032258 0.5 0.08870967741935484 1.0
48 0.8951612903225806 0.5 0.08870967741935484 1.0
61 0.964516129032258 0.5 0.07096774193548387 1.0
