42 0.04525862068965518 0.5 0.09051724137931036 1.0
49 0.12931034482758622 0.5 0.09482758620689656 1.0
64 0.2413793103448276 0.5 0.15172413793103448 1.0
64 0.3793103448275862 0.5 0.15172413793103448 1.0
44 0.4913793103448276 0.5 0.09482758620689656 1.0
48 0.5775862068965518 0.5 0.09482758620689656 1.0
61 0.6551724137931034 0.5 0.07586206896551724 1.0
40 0.7327586206896552 0.5 0.09482758620689656 1.0
61 0.8103448275862069 0.5 0.07586206896551724 1.0
49 0.8879310344827587 0.5 0.09482758620689656 1.0
60 0.9620689655172414 0.5 0.07586206896551724 1.0
