50 0.05545774647887324 0.5 0.11091549295774648 1.0
60 0.14788732394366197 0.5 0.09295774647887324 1.0
44 0.24295774647887325 0.5 0.11619718309859156 1.0
46 0.3485915492957746 0.5 0.11619718309859156 1.0
58 0.42957746478873243 0.5 0.0619718309859155 1.0
52 0.5105633802816901 0.5 0.11619718309859156 1.0
61 0.6056338028169015 0.5 0.09295774647887324 1.0
49 0.7007042253521127 0.5 0.11619718309859156 1.0
60 0.795774647887324 0.5 0.09295774647887324 1.0
58 0.8661971830985915 0.5 0.0619718309859155 1.0
42 0.9419014084507042 0.5 0.11619718309859156 1.0
