40 0.052500000000000005 0.5 0.10500000000000001 1.0
48 0.15000000000000002 0.5 0.11000000000000001 1.0
61 0.24000000000000002 0.5 0.08800000000000001 1.0
58 0.3066666666666667 0.5 0.05866666666666667 1.0
37 0.38333333333333336 0.5 0.11000000000000001 1.0
42 0.48333333333333334 0.5 0.11000000000000001 1.0
59 0.5599999999999999 0.5 0.05866666666666667 1.0
58 0.6133333333333333 0.5 0.05866666666666667 1.0
64 0.72 0.5 0.17600000000000002 1.0
40 0.8500000000000001 0.5 0.11000000000000001 1.0
55 0.945 0.5 0.11000000000000001 1.0
