13 0.074079754601227 0.5 0.148159509202454 1.0
60 0.17791411042944785 0.5 0.08098159509202456 1.0
42 0.2607361963190184 0.5 0.10122699386503067 1.0
46 0.35276073619631904 0.5 0.10122699386503067 1.0
41 0.4447852760736196 0.5 0.10122699386503067 1.0
58 0.5153374233128835 0.5 0.0539877300613497 1.0
52 0.5858895705521472 0.5 0.10122699386503067 1.0
46 0.6779141104294478 0.5 0.10122699386503067 1.0
49 0.7699386503067484 0.5 0.10122699386503067 1.0
50 0.861963190184049 0.5 0.10122699386503067 1.0
52 0.9493865030674846 0.5 0.10122699386503067 1.0
