40 0.05468750000000001 0.5 0.10937500000000001 1.0
50 0.15625 0.5 0.11458333333333334 1.0
49 0.2604166666666667 0.5 0.11458333333333334 1.0
59 0.3402777777777778 0.5 0.061111111111111116 1.0
49 0.4201388888888889 0.5 0.11458333333333334 1.0
45 0.5243055555555556 0.5 0.11458333333333334 1.0
58 0.6041666666666667 0.5 0.061111111111111116 1.0
52 0.6840277777777778 0.5 0.11458333333333334 1.0
58 0.763888888888889 0.5 0.061111111111111116 1.0
48 0.8437500000000001 0.5 0.11458333333333334 1.0
45 0.9427083333333334 0.5 0.11458333333333334 1.0
