60 0.04701492537313433 0.5 0.09402985074626866 1.0
44 0.1455223880597015 0.5 0.12313432835820896 1.0
63 0.2462686567164179 0.5 0.09850746268656717 1.0
60 0.3358208955223881 0.5 0.09850746268656717 1.0
44 0.43656716417910446 0.5 0.12313432835820896 1.0
52 0.5485074626865671 0.5 0.12313432835820896 1.0
46 0.6604477611940298 0.5 0.12313432835820896 1.0
58 0.7462686567164178 0.5 0.06567164179104477 1.0
48 0.832089552238806 0.5 0.12313432835820896 1.0
45 0.9384328358208955 0.5 0.12313432835820896 1.0
