61 0.03888888888888889 0.5 0.07777777777777778 1.0
65 0.14814814814814814 0.5 0.16296296296296298 1.0
44 0.2685185185185185 0.5 0.10185185185185186 1.0
48 0.36111111111111105 0.5 0.10185185185185186 1.0
61 0.4444444444444444 0.5 0.08148148148148149 1.0
56 0.5277777777777778 0.5 0.10185185185185186 1.0
37 0.6203703703703703 0.5 0.10185185185185186 1.0
63 0.7037037037037037 0.5 0.08148148148148149 1.0
49 0.787037037037037 0.5 0.10185185185185186 1.0
53 0.8796296296296295 0.5 0.10185185185185186 1.0
60 0.9592592592592593 0.5 0.08148148148148149 1.0
