40 0.047155688622754495 0.5 0.09431137724550899 1.0
59 0.11377245508982037 0.5 0.05269461077844312 1.0
59 0.16167664670658682 0.5 0.05269461077844312 1.0
37 0.23053892215568864 0.5 0.09880239520958084 1.0
44 0.3203592814371258 0.5 0.09880239520958084 1.0
55 0.4101796407185629 0.5 0.09880239520958084 1.0
42 0.5 0.5 0.09880239520958084 1.0
59 0.5688622754491017 0.5 0.05269461077844312 1.0
53 0.6377245508982036 0.5 0.09880239520958084 1.0
52 0.7275449101796407 0.5 0.09880239520958084 1.0
58 0.7964071856287425 0.5 0.05269461077844312 1.0
54 0.8652694610778443 0.5 0.09880239520958084 1.0
44 0.9505988023952096 0.5 0.09880239520958084 1.0
