53 0.047155688622754495 0.5 0.09431137724550899 1.0
50 0.1347305389221557 0.5 0.09880239520958084 1.0
52 0.2245508982035928 0.5 0.09880239520958084 1.0
58 0.29341317365269465 0.5 0.05269461077844312 1.0
43 0.36227544910179643 0.5 0.09880239520958084 1.0
44 0.45209580838323354 0.5 0.09880239520958084 1.0
37 0.5419161676646707 0.5 0.09880239520958084 1.0
43 0.6317365269461077 0.5 0.09880239520958084 1.0
49 0.7215568862275449 0.5 0.09880239520958084 1.0
65 0.8383233532934132 0.5 0.15808383233532936 1.0
48 0.9505988023952096 0.5 0.09880239520958084 1.0
