50 0.04891304347826087 0.5 0.09782608695652174 1.0
44 0.13975155279503104 0.5 0.10248447204968944 1.0
60 0.22360248447204967 0.5 0.08198757763975156 1.0
64 0.3354037267080745 0.5 0.16397515527950313 1.0
40 0.45652173913043476 0.5 0.10248447204968944 1.0
48 0.5496894409937888 0.5 0.10248447204968944 1.0
44 0.6428571428571429 0.5 0.10248447204968944 1.0
48 0.7360248447204969 0.5 0.10248447204968944 1.0
61 0.8198757763975154 0.5 0.08198757763975156 1.0
59 0.8819875776397516 0.5 0.0546583850931677 1.0
56 0.9487577639751553 0.5 0.10248447204968944 1.0
