58 0.030656934306569343 0.5 0.061313868613138686 1.0
48 0.11313868613138686 0.5 0.12043795620437958 1.0
61 0.21167883211678834 0.5 0.09635036496350366 1.0
60 0.29927007299270075 0.5 0.09635036496350366 1.0
49 0.3978102189781022 0.5 0.12043795620437958 1.0
43 0.5072992700729927 0.5 0.12043795620437958 1.0
53 0.6167883211678832 0.5 0.12043795620437958 1.0
42 0.7262773722627738 0.5 0.12043795620437958 1.0
44 0.8357664233576643 0.5 0.12043795620437958 1.0
43 0.9397810218978102 0.5 0.12043795620437958 1.0
