43 0.057481751824817524 0.5 0.11496350364963505 1.0
58 0.1386861313868613 0.5 0.06423357664233577 1.0
52 0.22262773722627738 0.5 0.12043795620437958 1.0
42 0.33211678832116787 0.5 0.12043795620437958 1.0
58 0.416058394160584 0.5 0.06423357664233577 1.0
50 0.5 0.5 0.12043795620437958 1.0
59 0.583941605839416 0.5 0.06423357664233577 1.0
58 0.6423357664233577 0.5 0.06423357664233577 1.0
48 0.7262773722627738 0.5 0.12043795620437958 1.0
44 0.8357664233576643 0.5 0.12043795620437958 1.0
43 0.9397810218978102 0.5 0.12043795620437958 1.0
