52 0.060576923076923084 0.5 0.12115384615384617 1.0
40 0.17307692307692307 0.5 0.12692307692307694 1.0
42 0.2884615384615385 0.5 0.12692307692307694 1.0
60 0.3923076923076923 0.5 0.10153846153846155 1.0
58 0.46923076923076923 0.5 0.0676923076923077 1.0
63 0.5461538461538462 0.5 0.10153846153846155 1.0
58 0.6230769230769231 0.5 0.0676923076923077 1.0
42 0.7115384615384616 0.5 0.12692307692307694 1.0
44 0.826923076923077 0.5 0.12692307692307694 1.0
52 0.9365384615384615 0.5 0.12692307692307694 1.0
