28 0.05160256410256411 0.5 0.10320512820512821 1.0
49 0.13034188034188032 0.5 0.07051282051282051 1.0
59 0.17948717948717946 0.5 0.03760683760683761 1.0
58 0.21367521367521367 0.5 0.03760683760683761 1.0
42 0.26282051282051283 0.5 0.07051282051282051 1.0
58 0.31196581196581197 0.5 0.03760683760683761 1.0
61 0.3547008547008547 0.5 0.05641025641025641 1.0
49 0.41239316239316237 0.5 0.07051282051282051 1.0
60 0.4700854700854701 0.5 0.05641025641025641 1.0
37 0.5277777777777778 0.5 0.07051282051282051 1.0
19 0.608974358974359 0.5 0.10811965811965812 1.0
44 0.6901709401709402 0.5 0.07051282051282051 1.0
48 0.7542735042735043 0.5 0.07051282051282051 1.0
44 0.8183760683760684 0.5 0.07051282051282051 1.0
60 0.8760683760683761 0.5 0.05641025641025641 1.0
40 0.9337606837606837 0.5 0.07051282051282051 1.0
59 0.9811965811965812 0.5 0.03760683760683761 1.0
