60 0.04090909090909091 0.5 0.08181818181818182 1.0
44 0.12662337662337664 0.5 0.10714285714285715 1.0
64 0.2532467532467533 0.5 0.17142857142857143 1.0
58 0.35714285714285715 0.5 0.05714285714285715 1.0
48 0.4318181818181818 0.5 0.10714285714285715 1.0
58 0.5064935064935064 0.5 0.05714285714285715 1.0
52 0.5811688311688312 0.5 0.10714285714285715 1.0
42 0.6785714285714286 0.5 0.10714285714285715 1.0
44 0.775974025974026 0.5 0.10714285714285715 1.0
48 0.8733766233766234 0.5 0.10714285714285715 1.0
61 0.9571428571428572 0.5 0.08571428571428572 1.0
