58 0.02837837837837838 0.5 0.05675675675675676 1.0
59 0.08108108108108109 0.5 0.05945945945945947 1.0
59 0.13513513513513514 0.5 0.05945945945945947 1.0
44 0.21283783783783786 0.5 0.1114864864864865 1.0
45 0.3141891891891892 0.5 0.1114864864864865 1.0
58 0.39189189189189194 0.5 0.05945945945945947 1.0
61 0.45945945945945954 0.5 0.08918918918918921 1.0
58 0.527027027027027 0.5 0.05945945945945947 1.0
64 0.6351351351351351 0.5 0.17837837837837842 1.0
40 0.7668918918918919 0.5 0.1114864864864865 1.0
61 0.8581081081081082 0.5 0.08918918918918921 1.0
44 0.9442567567567568 0.5 0.1114864864864865 1.0
