42 0.046052631578947366 0.5 0.09210526315789473 1.0
59 0.1111111111111111 0.5 0.05146198830409357 1.0
58 0.15789473684210525 0.5 0.05146198830409357 1.0
42 0.22514619883040934 0.5 0.09649122807017545 1.0
46 0.3128654970760234 0.5 0.09649122807017545 1.0
44 0.4005847953216374 0.5 0.09649122807017545 1.0
37 0.48830409356725146 0.5 0.09649122807017545 1.0
60 0.5672514619883041 0.5 0.07719298245614035 1.0
58 0.6257309941520468 0.5 0.05146198830409357 1.0
43 0.6929824561403509 0.5 0.09649122807017545 1.0
43 0.7807017543859649 0.5 0.09649122807017545 1.0
44 0.8684210526315789 0.5 0.09649122807017545 1.0
48 0.9517543859649122 0.5 0.09649122807017545 1.0
