58 0.02413793103448276 0.5 0.04827586206896552 1.0
48 0.08908045977011494 0.5 0.09482758620689656 1.0
42 0.1752873563218391 0.5 0.09482758620689656 1.0
49 0.2614942528735632 0.5 0.09482758620689656 1.0
48 0.3477011494252874 0.5 0.09482758620689656 1.0
42 0.4339080459770115 0.5 0.09482758620689656 1.0
44 0.5201149425287357 0.5 0.09482758620689656 1.0
58 0.5862068965517242 0.5 0.05057471264367817 1.0
54 0.6522988505747127 0.5 0.09482758620689656 1.0
40 0.7385057471264369 0.5 0.09482758620689656 1.0
41 0.824712643678161 0.5 0.09482758620689656 1.0
59 0.8908045977011494 0.5 0.05057471264367817 1.0
44 0.9525862068965517 0.5 0.09482758620689656 1.0
