44 0.042798913043478264 0.5 0.08559782608695653 1.0
52 0.12228260869565218 0.5 0.08967391304347827 1.0
61 0.1956521739130435 0.5 0.07173913043478261 1.0
40 0.2690217391304348 0.5 0.08967391304347827 1.0
41 0.35054347826086957 0.5 0.08967391304347827 1.0
59 0.41304347826086957 0.5 0.04782608695652174 1.0
58 0.45652173913043476 0.5 0.04782608695652174 1.0
52 0.5190217391304348 0.5 0.08967391304347827 1.0
46 0.6005434782608696 0.5 0.08967391304347827 1.0
64 0.7065217391304347 0.5 0.14347826086956522 1.0
44 0.8125 0.5 0.08967391304347827 1.0
48 0.8940217391304348 0.5 0.08967391304347827 1.0
61 0.9641304347826087 0.5 0.07173913043478261 1.0
