63 0.04038461538461539 0.5 0.08076923076923077 1.0
53 0.125 0.5 0.10576923076923078 1.0
59 0.1987179487179487 0.5 0.05641025641025641 1.0
59 0.25 0.5 0.05641025641025641 1.0
37 0.32371794871794873 0.5 0.10576923076923078 1.0
41 0.4198717948717949 0.5 0.10576923076923078 1.0
59 0.4935897435897436 0.5 0.05641025641025641 1.0
49 0.5673076923076924 0.5 0.10576923076923078 1.0
49 0.6634615384615385 0.5 0.10576923076923078 1.0
43 0.7596153846153847 0.5 0.10576923076923078 1.0
44 0.8557692307692308 0.5 0.10576923076923078 1.0
43 0.9471153846153846 0.5 0.10576923076923078 1.0
