52 0.04326923076923077 0.5 0.08653846153846154 1.0
42 0.12362637362637363 0.5 0.09065934065934067 1.0
46 0.20604395604395603 0.5 0.09065934065934067 1.0
49 0.2884615384615385 0.5 0.09065934065934067 1.0
49 0.3708791208791209 0.5 0.09065934065934067 1.0
59 0.434065934065934 0.5 0.04835164835164836 1.0
61 0.489010989010989 0.5 0.07252747252747253 1.0
44 0.5631868131868132 0.5 0.09065934065934067 1.0
40 0.6456043956043955 0.5 0.09065934065934067 1.0
42 0.728021978021978 0.5 0.09065934065934067 1.0
46 0.8104395604395604 0.5 0.09065934065934067 1.0
44 0.8928571428571428 0.5 0.09065934065934067 1.0
60 0.9637362637362638 0.5 0.07252747252747253 1.0
