42 0.046875 0.5 0.09375 1.0
49 0.13392857142857142 0.5 0.09821428571428573 1.0
48 0.22321428571428573 0.5 0.09821428571428573 1.0
61 0.30357142857142855 0.5 0.07857142857142857 1.0
60 0.375 0.5 0.07857142857142857 1.0
40 0.45535714285714285 0.5 0.09821428571428573 1.0
48 0.5446428571428571 0.5 0.09821428571428573 1.0
40 0.6339285714285714 0.5 0.09821428571428573 1.0
61 0.7142857142857143 0.5 0.07857142857142857 1.0
40 0.7946428571428571 0.5 0.09821428571428573 1.0
48 0.8839285714285714 0.5 0.09821428571428573 1.0
61 0.9607142857142857 0.5 0.07857142857142857 1.0
