42 0.04632352941176471 0.5 0.09264705882352942 1.0
49 0.1323529411764706 0.5 0.09705882352941178 1.0
48 0.22058823529411767 0.5 0.09705882352941178 1.0
52 0.3088235294117647 0.5 0.09705882352941178 1.0
44 0.3970588235294118 0.5 0.09705882352941178 1.0
51 0.4852941176470589 0.5 0.09705882352941178 1.0
53 0.5735294117647058 0.5 0.09705882352941178 1.0
44 0.6617647058823529 0.5 0.09705882352941178 1.0
48 0.75 0.5 0.09705882352941178 1.0
61 0.8294117647058824 0.5 0.07764705882352942 1.0
59 0.8882352941176471 0.5 0.05176470588235294 1.0
56 0.9514705882352941 0.5 0.09705882352941178 1.0
