50 0.05921052631578947 0.5 0.11842105263157894 1.0
53 0.16917293233082706 0.5 0.12406015037593986 1.0
48 0.28195488721804507 0.5 0.12406015037593986 1.0
42 0.39473684210526316 0.5 0.12406015037593986 1.0
61 0.49624060150375937 0.5 0.09924812030075188 1.0
53 0.5977443609022556 0.5 0.12406015037593986 1.0
40 0.7105263157894736 0.5 0.12406015037593986 1.0
59 0.7969924812030075 0.5 0.0661654135338346 1.0
59 0.8571428571428571 0.5 0.0661654135338346 1.0
56 0.9379699248120301 0.5 0.12406015037593986 1.0
