45 0.04525862068965518 0.5 0.09051724137931036 1.0
49 0.12931034482758622 0.5 0.09482758620689656 1.0
49 0.21551724137931036 0.5 0.09482758620689656 1.0
43 0.3017241379310345 0.5 0.09482758620689656 1.0
37 0.3879310344827587 0.5 0.09482758620689656 1.0
48 0.47413793103448276 0.5 0.09482758620689656 1.0
40 0.560344827586207 0.5 0.09482758620689656 1.0
61 0.6379310344827586 0.5 0.07586206896551724 1.0
53 0.7155172413793104 0.5 0.09482758620689656 1.0
60 0.7931034482758621 0.5 0.07586206896551724 1.0
44 0.8706896551724139 0.5 0.09482758620689656 1.0
43 0.9525862068965517 0.5 0.09482758620689656 1.0
