43 0.03879310344827587 0.5 0.07758620689655174 1.0
44 0.11083743842364532 0.5 0.08128078817733991 1.0
64 0.20689655172413796 0.5 0.13004926108374384 1.0
49 0.30295566502463056 0.5 0.08128078817733991 1.0
48 0.37684729064039413 0.5 0.08128078817733991 1.0
52 0.4507389162561577 0.5 0.08128078817733991 1.0
61 0.5172413793103449 0.5 0.06502463054187192 1.0
60 0.5763546798029556 0.5 0.06502463054187192 1.0
40 0.6428571428571429 0.5 0.08128078817733991 1.0
61 0.7093596059113301 0.5 0.06502463054187192 1.0
58 0.7586206896551724 0.5 0.043349753694581286 1.0
49 0.8152709359605912 0.5 0.08128078817733991 1.0
48 0.8891625615763548 0.5 0.08128078817733991 1.0
52 0.9593596059113301 0.5 0.08128078817733991 1.0
