42 0.05665467625899281 0.5 0.11330935251798561 1.0
49 0.1618705035971223 0.5 0.11870503597122302 1.0
48 0.2697841726618705 0.5 0.11870503597122302 1.0
63 0.3669064748201439 0.5 0.09496402877697843 1.0
58 0.43884892086330934 0.5 0.06330935251798563 1.0
60 0.5107913669064748 0.5 0.09496402877697843 1.0
64 0.6402877697841727 0.5 0.18992805755395686 1.0
58 0.7553956834532375 0.5 0.06330935251798563 1.0
48 0.8381294964028777 0.5 0.11870503597122302 1.0
45 0.9406474820143885 0.5 0.11870503597122302 1.0
