60 0.0391304347826087 0.5 0.0782608695652174 1.0
44 0.12111801242236025 0.5 0.10248447204968944 1.0
50 0.21428571428571427 0.5 0.10248447204968944 1.0
59 0.2857142857142857 0.5 0.0546583850931677 1.0
40 0.3571428571428571 0.5 0.10248447204968944 1.0
42 0.45031055900621114 0.5 0.10248447204968944 1.0
44 0.5434782608695652 0.5 0.10248447204968944 1.0
64 0.6645962732919255 0.5 0.16397515527950313 1.0
44 0.7857142857142857 0.5 0.10248447204968944 1.0
48 0.8788819875776398 0.5 0.10248447204968944 1.0
61 0.9590062111801242 0.5 0.08198757763975156 1.0
