25 0.0723053892215569 0.5 0.1446107784431138 1.0
60 0.17365269461077845 0.5 0.07904191616766468 1.0
44 0.25449101796407186 0.5 0.09880239520958084 1.0
52 0.34431137724550903 0.5 0.09880239520958084 1.0
44 0.43413173652694614 0.5 0.09880239520958084 1.0
48 0.5239520958083832 0.5 0.09880239520958084 1.0
61 0.6047904191616766 0.5 0.07904191616766468 1.0
37 0.6856287425149701 0.5 0.09880239520958084 1.0
43 0.7754491017964071 0.5 0.09880239520958084 1.0
40 0.8652694610778443 0.5 0.09880239520958084 1.0
56 0.9505988023952096 0.5 0.09880239520958084 1.0
