49 0.05147058823529412 0.5 0.10294117647058824 1.0
53 0.14705882352941177 0.5 0.10784313725490197 1.0
61 0.23529411764705882 0.5 0.08627450980392158 1.0
64 0.35294117647058826 0.5 0.17254901960784316 1.0
40 0.4803921568627451 0.5 0.10784313725490197 1.0
61 0.5686274509803921 0.5 0.08627450980392158 1.0
42 0.6568627450980392 0.5 0.10784313725490197 1.0
46 0.7549019607843137 0.5 0.10784313725490197 1.0
44 0.8529411764705883 0.5 0.10784313725490197 1.0
43 0.946078431372549 0.5 0.10784313725490197 1.0
