41 0.057481751824817524 0.5 0.11496350364963505 1.0
60 0.15328467153284672 0.5 0.09635036496350366 1.0
44 0.2518248175182482 0.5 0.12043795620437958 1.0
40 0.3613138686131387 0.5 0.12043795620437958 1.0
61 0.4598540145985402 0.5 0.09635036496350366 1.0
46 0.5583941605839416 0.5 0.12043795620437958 1.0
59 0.6423357664233577 0.5 0.06423357664233577 1.0
44 0.7262773722627738 0.5 0.12043795620437958 1.0
52 0.8357664233576643 0.5 0.12043795620437958 1.0
52 0.9397810218978102 0.5 0.12043795620437958 1.0
