64 0.0586046511627907 0.5 0.1172093023255814 1.0
40 0.14651162790697675 0.5 0.07674418604651163 1.0
42 0.21627906976744188 0.5 0.07674418604651163 1.0
46 0.286046511627907 0.5 0.07674418604651163 1.0
58 0.3395348837209302 0.5 0.04093023255813954 1.0
48 0.3930232558139535 0.5 0.07674418604651163 1.0
44 0.4627906976744186 0.5 0.07674418604651163 1.0
37 0.5325581395348837 0.5 0.07674418604651163 1.0
63 0.5953488372093023 0.5 0.061395348837209304 1.0
49 0.6581395348837209 0.5 0.07674418604651163 1.0
60 0.7209302325581396 0.5 0.061395348837209304 1.0
64 0.8046511627906976 0.5 0.12279069767441861 1.0
44 0.8953488372093023 0.5 0.07674418604651163 1.0
43 0.9616279069767442 0.5 0.07674418604651163 1.0
