52 0.04659763313609468 0.5 0.09319526627218935 1.0
44 0.1331360946745562 0.5 0.09763313609467456 1.0
59 0.20118343195266272 0.5 0.05207100591715977 1.0
63 0.2603550295857988 0.5 0.07810650887573965 1.0
37 0.34023668639053256 0.5 0.09763313609467456 1.0
58 0.40828402366863903 0.5 0.05207100591715977 1.0
48 0.47633136094674555 0.5 0.09763313609467456 1.0
61 0.5562130177514792 0.5 0.07810650887573965 1.0
44 0.636094674556213 0.5 0.09763313609467456 1.0
60 0.7159763313609466 0.5 0.07810650887573965 1.0
44 0.7958579881656804 0.5 0.09763313609467456 1.0
52 0.8846153846153846 0.5 0.09763313609467456 1.0
61 0.9609467455621302 0.5 0.07810650887573965 1.0
