50 0.05706521739130435 0.5 0.1141304347826087 1.0
60 0.15217391304347827 0.5 0.09565217391304348 1.0
44 0.24999999999999997 0.5 0.11956521739130435 1.0
62 0.34782608695652173 0.5 0.09565217391304348 1.0
53 0.44565217391304346 0.5 0.11956521739130435 1.0
43 0.5543478260869565 0.5 0.11956521739130435 1.0
58 0.6376811594202899 0.5 0.063768115942029 1.0
42 0.7210144927536232 0.5 0.11956521739130435 1.0
58 0.8043478260869565 0.5 0.063768115942029 1.0
40 0.8876811594202898 0.5 0.11956521739130435 1.0
59 0.9681159420289855 0.5 0.063768115942029 1.0
